357.3743 243.0 188
357.7643 241.0 188
358.1378 238.0 188
358.5278 235.0 188
358.9178 232.0 188
359.2969 230.0 188
359.6869 228.0 188
0.1208 225.0 188
0.5109 222.0 188
0.8899 220.0 188
1.2799 218.0 188
1.6699 216.0 188
2.0599 214.0 188
2.4994 211.0 188
2.8729 210.0 188
3.2629 208.0 188
3.6530 206.0 188
4.0265 204.0 188
4.4165 202.0 188
4.8120 201.0 188
5.1855 199.0 188
5.5756 197.0 188
5.9656 196.0 188
6.3391 194.0 188
6.7950 192.0 188
7.1246 191.0 188
7.5586 189.0 188
7.8882 188.0 188
8.2782 187.0 188
8.6682 185.0 188
9.0417 184.0 188
9.4812 182.0 188
9.8108 181.0 188
10.2008 180.0 188
10.5908 179.0 188
10.9644 178.0 188
11.2939 177.0 188
11.7499 175.0 188
12.1838 172.0 188
12.7332 168.0 188
13.5571 164.0 188
14.4635 154.0 188
14.9524 151.0 188
15.4523 149.0 188
15.8423 148.0 188
16.2762 146.0 188
16.6718 145.0 188
17.1057 143.0 188
17.6056 141.0 188
17.9956 140.0 188
18.3856 139.0 188
18.8745 137.0 188
19.2645 136.0 188
19.7644 134.0 188
20.1544 133.0 188
20.5884 132.0 188
20.9839 131.0 188
21.4178 130.0 188
21.8079 129.0 188
22.2473 128.0 188
22.6373 127.0 188
23.0768 126.0 188
23.4668 125.0 188
23.9063 124.0 188
24.2963 123.0 188
24.7302 122.0 188
25.0598 122.0 188
25.4993 121.0 188
25.8893 120.0 188
26.3232 119.0 188
26.6528 119.0 188
27.1088 118.0 188
27.5427 117.0 188
27.9327 116.0 188
28.3722 115.0 188
28.8281 114.0 188
29.1522 114.0 188
29.5917 113.0 188
30.0311 112.0 188
30.3552 112.0 188
30.8112 111.0 188
31.2451 110.0 188
31.5747 110.0 188
32.0142 109.0 188
32.3438 109.0 188
32.7942 108.0 188
33.1238 108.0 188
33.5577 107.0 188
33.8873 107.0 188
34.2169 107.0 188
34.5465 107.0 188
34.9969 106.0 188
35.3265 106.0 188
35.6561 106.0 188
36.1560 105.0 188
37.1393 105.0 188
100.2612 105.0 188
100.5908 105.0 188
100.9204 105.0 188
101.2500 105.0 188
101.5741 105.0 188
101.7334 106.0 188
102.0575 106.0 188
102.3871 106.0 188
102.7167 106.0 188
102.9364 107.0 188
103.2605 107.0 188
103.4802 108.0 188
103.8098 108.0 188
104.1394 108.0 188
104.4635 108.0 188
104.6832 109.0 188
105.0128 109.0 188
105.2325 110.0 188
105.5621 110.0 188
105.8862 110.0 188
106.1060 111.0 188
106.4355 111.0 188
106.6553 112.0 188
106.9794 112.0 188
107.1991 113.0 188
107.5287 113.0 188
107.8583 113.0 188
108.0780 114.0 188
108.2922 115.0 188
108.6218 115.0 188
108.8416 116.0 188
109.1711 116.0 188
109.4348 117.0 188
109.7644 117.0 188
109.9841 118.0 188
110.3082 118.0 188
110.5280 119.0 188
110.7477 120.0 188
111.0773 120.0 188
111.3574 121.0 188
111.6870 121.0 188
111.9012 122.0 188
112.1045 123.0 188
112.4341 123.0 188
112.7142 124.0 188
113.0438 124.0 188
113.2635 125.0 188
113.5272 126.0 188
113.8733 126.0 188
114.0765 127.0 188
114.4061 127.0 188
114.6863 128.0 188
114.9060 129.0 188
115.2301 129.0 188
115.4993 130.0 188
115.7135 131.0 188
116.0431 131.0 188
116.3232 132.0 188
116.5430 133.0 188
116.8121 134.0 188
117.1362 134.0 188
117.4219 135.0 188
118.2953 136.0 188
127.2162 114.0 188
128.1061 112.0 188
128.4357 112.0 188
128.8861 111.0 188
129.2157 111.0 188
129.5453 111.0 188
129.8749 111.0 188
130.3088 110.0 188
130.6549 110.0 188
130.9790 110.0 188
131.3086 110.0 188
131.6382 110.0 188
132.0776 109.0 188
132.4182 109.0 188
132.7478 109.0 188
133.8409 108.0 188
134.5111 108.0 188
134.6045 110.0 188
134.9341 110.0 188
135.2637 110.0 188
135.5933 110.0 188
135.9338 110.0 188
136.2634 110.0 188
136.5930 110.0 188
136.9171 110.0 188
137.1368 111.0 188
137.4664 111.0 188
137.7960 111.0 188
138.1201 111.0 188
138.3398 112.0 188
138.6694 112.0 188
138.9990 112.0 188
139.2188 113.0 188
139.5428 113.0 188
139.8724 113.0 188
140.0922 114.0 188
140.4218 114.0 188
140.6360 115.0 188
140.9656 115.0 188
141.1688 116.0 188
141.4984 116.0 188
141.7786 117.0 188
141.9818 118.0 188
142.6355 118.0 188
143.4045 120.0 188
143.8879 122.0 188
144.1077 123.0 188
153.6823 119.0 188
154.0118 119.0 188
154.3414 119.0 188
154.7809 118.0 188
155.1050 118.0 188
155.4346 118.0 188
155.8905 117.0 188
156.2146 117.0 188
156.5936 116.0 188
157.8571 117.0 188
157.9504 119.0 188
158.2800 119.0 188
158.6041 119.0 188
158.9337 119.0 188
159.2633 119.0 188
159.5929 119.0 188
159.8071 120.0 188
160.1367 120.0 188
160.4059 121.0 188
160.7300 121.0 188
160.9497 122.0 188
161.2793 122.0 188
161.6089 122.0 188
161.8231 123.0 188
162.1527 123.0 188
162.4219 124.0 188
162.7460 124.0 188
163.0756 124.0 188
163.4052 124.0 188
163.7292 124.0 188
163.9490 125.0 188
164.2786 125.0 188
164.5422 126.0 188
164.8718 126.0 188
165.0916 127.0 188
165.3552 128.0 188
165.6848 128.0 188
165.9045 129.0 188
166.1682 130.0 188
168.9478 132.0 188
169.2609 169.0 188
169.5300 170.0 188
169.8541 170.0 188
170.0739 172.0 188
170.4034 173.0 188
170.7330 173.0 188
170.9967 174.0 188
171.3263 174.0 188
171.7163 173.0 188
171.9800 174.0 188
172.2656 175.0 188
172.5293 176.0 188
172.8589 176.0 188
173.1390 177.0 188
173.4686 178.0 188
173.6719 180.0 188
173.9520 181.0 188
174.2761 182.0 188
174.8254 184.0 188
177.8082 211.0 188
184.4165 220.0 188
185.0153 222.0 188
185.2954 224.0 188
185.6250 224.0 188
185.9491 225.0 188
186.2787 225.0 188
186.5424 227.0 188
186.8280 228.0 188
187.1521 229.0 188
187.4817 229.0 188
187.7454 230.0 188
188.0750 230.0 188
188.4045 231.0 188
188.6847 232.0 188
189.0143 233.0 188
189.3384 234.0 188
189.6075 235.0 188
189.9371 236.0 188
190.2173 237.0 188
190.5469 238.0 188
190.8105 239.0 188
191.1401 240.0 188
191.4642 241.0 188
191.7334 242.0 188
192.0575 243.0 188
192.3431 244.0 188
192.6672 245.0 188
192.9364 246.0 188
193.2605 247.0 188
193.5461 249.0 188
193.8702 250.0 188
194.1394 251.0 188
194.4635 252.0 188
194.7491 254.0 188
195.0732 255.0 188
195.3424 257.0 188
195.6665 258.0 188
195.9521 259.0 188
196.2762 261.0 188
196.5454 262.0 188
196.8750 264.0 188
197.1552 265.0 188
197.4792 267.0 188
197.7484 268.0 188
198.0780 269.0 188
198.3582 271.0 188
198.6823 273.0 188
198.9514 275.0 188
199.2316 277.0 188
199.5612 279.0 188
199.8248 280.0 188
200.1544 282.0 188
200.4346 284.0 188
200.6982 286.0 188
201.0278 288.0 188
201.3080 290.0 188
201.5771 294.0 188
202.5110 298.0 188
202.7802 301.0 188
203.3899 305.0 188
205.1532 590.0 188
205.4828 588.0 188
205.8124 586.0 188
206.2024 584.0 188
206.5265 584.0 188
206.8561 582.0 188
207.1857 580.0 188
207.5153 578.0 188
207.8394 576.0 188
208.1689 574.0 188
208.4985 572.0 188
208.8885 566.0 188
209.2181 560.0 188
210.1520 576.0 188
210.4816 572.0 188
211.1847 562.0 188
212.2943 546.0 188
212.8436 498.0 188
213.1677 495.0 188
213.4973 492.0 188
213.8873 490.0 188
214.2169 489.0 188
214.5465 488.0 188
214.8706 486.0 188
215.5298 489.0 188
215.8099 492.0 188
216.2000 490.0 188
216.5295 490.0 188
223.3246 454.0 188
223.6542 450.0 188
224.0442 445.0 188
224.3738 442.0 188
224.7638 439.0 188
225.0934 435.0 188
225.4834 431.0 188
225.8075 428.0 188
226.1371 424.0 188
226.5106 422.0 188
226.8567 419.0 188
227.2302 416.0 188
227.5598 413.0 188
227.9059 410.0 188
228.2794 407.0 188
228.6090 405.0 188
228.9990 402.0 188
229.3231 400.0 188
229.6527 397.0 188
230.0427 394.0 188
230.3723 392.0 188
230.7623 390.0 188
231.0919 388.0 188
231.4215 386.0 188
232.1356 384.0 188
233.1848 316.0 188
233.5748 313.0 188
233.9648 311.0 188
234.2944 309.0 188
234.6844 307.0 188
235.0140 305.0 188
235.3436 305.0 188
235.7336 303.0 188
236.0577 302.0 188
236.3873 302.0 188
237.0465 301.0 188
271.2140 104.0 188
271.5436 104.0 188
271.8732 104.0 188
272.2028 104.0 188
272.4170 105.0 188
272.7466 105.0 188
273.0762 105.0 188
273.4058 105.0 188
273.7299 105.0 188
274.0594 105.0 188
274.3890 105.0 188
274.5428 106.0 188
274.8724 106.0 188
275.2020 106.0 188
275.4218 107.0 188
275.7458 107.0 188
276.0754 107.0 188
276.2952 108.0 188
276.6248 108.0 188
276.8390 109.0 188
277.1686 109.0 188
277.4982 109.0 188
277.7014 110.0 188
278.0310 110.0 188
278.2452 111.0 188
278.5748 111.0 188
278.9044 111.0 188
279.1241 112.0 188
279.4482 112.0 188
279.6680 113.0 188
279.9976 113.0 188
280.2173 114.0 188
280.5469 114.0 188
280.7611 115.0 188
281.0907 115.0 188
281.2939 116.0 188
281.6235 116.0 188
281.9037 117.0 188
282.2333 117.0 188
282.4530 118.0 188
282.6563 119.0 188
282.9803 119.0 188
283.2001 120.0 188
283.4802 121.0 188
283.8098 121.0 188
284.0131 122.0 188
284.3427 122.0 188
284.5624 123.0 188
284.8865 123.0 188
285.1666 124.0 188
285.3699 125.0 188
285.7159 125.0 188
285.9796 126.0 188
286.9684 126.0 188
287.1222 128.0 188
287.3419 129.0 188
287.6056 130.0 188
287.8253 131.0 188
288.1549 131.0 188
288.4351 132.0 188
288.7646 132.0 188
288.9844 133.0 188
289.2480 134.0 188
289.5117 135.0 188
289.8413 135.0 188
290.0610 136.0 188
290.3412 137.0 188
290.6049 138.0 188
290.8246 139.0 188
291.0938 140.0 188
291.4178 140.0 188
291.6980 141.0 188
291.9672 142.0 188
292.1869 143.0 188
292.4506 144.0 188
292.7307 145.0 188
293.0603 145.0 188
293.3240 146.0 188
293.6041 147.0 188
293.8733 148.0 188
294.0436 150.0 188
294.3073 151.0 188
294.9060 152.0 188
296.1530 159.0 188
296.3232 162.0 188
296.5924 163.0 188
296.8561 164.0 188
297.2021 165.0 188
297.4054 167.0 188
297.6855 168.0 188
297.9492 169.0 188
298.2294 170.0 188
298.4491 172.0 188
298.7787 173.0 188
299.0424 174.0 188
299.3115 175.0 188
299.5313 177.0 188
299.8553 178.0 188
300.0751 180.0 188
300.3552 181.0 188
300.6244 183.0 188
300.9045 184.0 188
301.1682 185.0 188
301.4374 187.0 188
301.7175 189.0 188
301.9373 191.0 188
302.2614 192.0 188
302.4811 194.0 188
302.7448 196.0 188
303.0304 198.0 188
303.2336 200.0 188
303.5577 201.0 188
303.8434 203.0 188
304.0576 205.0 188
304.3268 207.0 188
304.6069 209.0 188
304.8267 212.0 188
305.0903 215.0 188
305.7935 237.0 188
306.0571 239.0 188
306.3867 241.0 188
306.6669 243.0 188
307.2656 245.0 188
309.2487 375.0 188
309.6387 372.0 188
309.9683 370.0 188
310.2924 369.0 188
313.5938 371.0 188
313.8574 375.0 188
314.1870 376.0 188
314.5111 378.0 188
315.1208 380.0 188
316.0931 420.0 188
316.7029 428.0 188
317.0929 419.0 188
317.7466 418.0 188
324.3878 416.0 188
324.7174 414.0 188
327.0465 295.0 188
327.3706 293.0 188
327.7606 291.0 188
328.0902 291.0 188
328.4198 291.0 188
328.7494 292.0 188
329.0131 293.0 188
329.3427 294.0 188
329.6667 296.0 188
329.9524 298.0 188
330.2161 300.0 188
330.8862 303.0 188
331.9519 416.0 188
332.2760 416.0 188
332.5616 417.0 188
332.8857 417.0 188
333.2153 417.0 188
333.5449 418.0 188
333.8745 418.0 188
334.1986 418.0 188
334.5282 418.0 188
334.8578 419.0 188
335.1874 419.0 188
335.5115 420.0 188
335.8411 420.0 188
336.1707 421.0 188
336.4948 421.0 188
336.8243 422.0 188
337.1539 422.0 188
337.4835 423.0 188
337.8241 423.0 188
338.0933 424.0 188
338.4174 424.0 188
339.4061 425.0 188
347.5415 336.0 188
347.9370 331.0 188
348.3105 325.0 188
348.7006 320.0 188
349.0906 316.0 188
349.5300 311.0 188
349.9200 307.0 188
350.2936 303.0 188
350.6836 298.0 188
351.0736 294.0 188
351.4526 291.0 188
351.8427 287.0 188
352.2327 283.0 188
352.6062 280.0 188
352.9962 277.0 188
353.3862 274.0 188
353.7653 271.0 188
354.1553 269.0 188
354.5288 267.0 188
354.8584 265.0 188
355.3088 261.0 188
355.7483 256.0 188
356.1383 253.0 188
356.5118 250.0 188
356.9019 246.0 188
