358.4674 346.0 188
358.7915 346.0 188
359.1376 346.0 188
359.4672 346.0 188
359.7968 346.0 188
0.1208 346.0 188
0.4504 346.0 188
0.7306 347.0 188
1.0602 347.0 188
1.3898 347.0 188
1.7139 348.0 188
2.0435 348.0 188
2.3730 348.0 188
2.7026 348.0 188
3.0267 348.0 188
3.3563 349.0 188
3.6859 350.0 188
4.0265 350.0 188
4.3561 350.0 188
4.6857 351.0 188
5.0153 351.0 188
5.3394 351.0 188
5.6085 352.0 188
5.9491 352.0 188
6.2787 353.0 188
6.6083 353.0 188
6.9324 354.0 188
7.2620 354.0 188
7.5916 355.0 188
8.5748 355.0 188
17.2321 277.0 188
17.6825 273.0 188
18.0615 269.0 188
18.4515 265.0 188
18.8855 261.0 188
19.2810 257.0 188
19.6710 254.0 188
20.1050 250.0 188
20.4950 247.0 188
20.8905 244.0 188
21.3245 241.0 188
21.7145 237.0 188
22.1539 234.0 188
22.4835 232.0 188
22.9175 229.0 188
23.3075 226.0 188
23.7469 223.0 188
24.1370 221.0 188
24.5270 219.0 188
24.9060 216.0 188
25.3564 213.0 188
25.7300 211.0 188
26.1200 210.0 188
26.4496 209.0 188
26.9055 206.0 188
27.2791 204.0 188
27.6691 203.0 188
28.0591 201.0 188
28.3887 200.0 188
28.8281 198.0 188
29.1522 197.0 188
29.6082 194.0 188
30.0421 191.0 188
30.4816 189.0 188
30.8716 187.0 188
31.2616 185.0 188
31.7010 183.0 188
32.0911 181.0 188
32.5305 179.0 188
32.9205 178.0 188
33.3105 176.0 188
33.7500 174.0 188
34.1400 173.0 188
34.5135 171.0 188
34.9640 169.0 188
35.3540 168.0 188
35.7330 167.0 188
36.1835 165.0 188
36.5131 164.0 188
36.8866 163.0 188
37.3425 161.0 188
37.7325 160.0 188
38.1665 158.0 188
38.5620 157.0 188
38.8861 157.0 188
39.3256 155.0 188
39.7156 154.0 188
40.1056 153.0 188
40.4791 152.0 188
40.8746 151.0 188
41.2646 150.0 188
41.6986 149.0 188
42.0886 148.0 188
42.4841 147.0 188
42.8577 146.0 188
43.2477 145.0 188
43.6377 144.0 188
44.0277 143.0 188
44.4672 142.0 188
44.7968 142.0 188
45.1868 141.0 188
45.5768 140.0 188
45.9503 139.0 188
46.4063 138.0 188
46.7963 137.0 188
47.1204 137.0 188
47.4994 136.0 188
47.8400 136.0 188
48.2794 135.0 188
48.6694 134.0 188
48.9990 134.0 188
49.3890 133.0 188
49.8230 132.0 188
50.2185 131.0 188
50.5426 131.0 188
50.8722 131.0 188
51.3281 130.0 188
51.7017 129.0 188
52.0422 129.0 188
52.4817 128.0 188
52.8113 128.0 188
53.2013 127.0 188
53.5309 127.0 188
53.9648 126.0 188
54.3109 126.0 188
54.6844 125.0 188
55.0305 125.0 188
55.4645 124.0 188
55.7941 124.0 188
56.1841 123.0 188
56.5137 123.0 188
56.9641 122.0 188
57.2937 122.0 188
57.6233 122.0 188
58.0573 121.0 188
58.3868 121.0 188
58.7329 121.0 188
59.1064 120.0 188
59.4525 120.0 188
59.8865 119.0 188
60.2161 119.0 188
60.5457 119.0 188
60.9961 118.0 188
61.3257 118.0 188
61.6553 118.0 188
61.9794 118.0 188
62.9791 118.0 188
64.8413 107.0 188
65.2808 106.0 188
65.6049 106.0 188
65.9509 106.0 188
66.4508 105.0 188
67.4341 105.0 188
130.8746 105.0 188
131.1987 105.0 188
131.5283 105.0 188
131.8579 105.0 188
132.0117 106.0 188
132.3413 106.0 188
132.6709 106.0 188
132.9950 106.0 188
133.2147 107.0 188
133.5443 107.0 188
133.8739 107.0 188
134.0936 108.0 188
134.4177 108.0 188
134.6375 109.0 188
134.9670 109.0 188
135.2966 109.0 188
135.5109 110.0 188
135.8405 110.0 188
136.1700 110.0 188
136.3898 111.0 188
136.7139 111.0 188
136.9171 112.0 188
137.2632 112.0 188
137.4664 113.0 188
137.7960 113.0 188
138.0103 114.0 188
138.3398 114.0 188
138.5596 115.0 188
138.8892 115.0 188
139.1089 116.0 188
139.4330 116.0 188
139.7021 117.0 188
139.9219 118.0 188
140.2460 118.0 188
140.4657 119.0 188
140.7953 119.0 188
141.0150 120.0 188
141.2787 121.0 188
141.6248 121.0 188
141.8280 122.0 188
142.0422 123.0 188
142.3718 123.0 188
142.6520 124.0 188
142.8552 125.0 188
143.2013 125.0 188
143.4650 126.0 188
143.7946 126.0 188
144.0143 127.0 188
144.2780 128.0 188
144.6075 128.0 188
144.8273 129.0 188
145.1514 129.0 188
145.4370 130.0 188
145.6512 131.0 188
145.9204 132.0 188
146.2500 132.0 188
146.4642 133.0 188
146.7334 134.0 188
147.0740 134.0 188
147.3431 135.0 188
147.5574 136.0 188
147.8265 137.0 188
148.1561 137.0 188
148.4363 138.0 188
148.6560 139.0 188
148.9197 140.0 188
149.1998 141.0 188
149.5294 141.0 188
149.7931 142.0 188
150.0128 143.0 188
150.2765 144.0 188
150.5621 145.0 188
150.8258 146.0 188
151.1060 147.0 188
151.3696 148.0 188
151.6553 149.0 188
151.8750 150.0 188
152.1387 151.0 188
152.4188 152.0 188
152.6825 153.0 188
152.9517 154.0 188
153.2318 155.0 188
153.4955 156.0 188
153.7811 157.0 188
153.9954 159.0 188
154.2645 160.0 188
154.5447 161.0 188
154.8083 162.0 188
155.0885 163.0 188
155.3577 165.0 188
155.6378 166.0 188
155.9015 167.0 188
156.1707 168.0 188
156.4508 169.0 188
156.6705 171.0 188
156.9342 173.0 188
157.2144 174.0 188
162.8888 206.0 188
168.9038 178.0 188
169.2334 177.0 188
169.6234 176.0 188
170.0134 175.0 188
170.9967 175.0 188
171.8701 178.0 188
172.0898 180.0 188
172.4799 179.0 188
172.8094 179.0 188
173.1830 178.0 188
173.4686 179.0 188
173.7927 179.0 188
174.1223 179.0 188
174.4025 180.0 188
174.6716 181.0 188
174.9957 181.0 188
175.3253 182.0 188
175.6055 183.0 188
175.9351 183.0 188
176.1987 184.0 188
176.4844 185.0 188
184.8120 191.0 188
185.2020 190.0 188
185.5261 190.0 188
185.8557 190.0 188
186.1853 190.0 188
186.5149 190.0 188
186.7950 191.0 188
187.1246 191.0 188
187.4487 191.0 188
187.7783 191.0 188
188.1079 191.0 188
188.4375 192.0 188
188.7616 192.0 188
189.0417 193.0 188
189.3713 193.0 188
189.7009 193.0 188
189.9811 194.0 188
190.3107 195.0 188
190.5743 196.0 188
190.9039 196.0 188
191.1841 197.0 188
191.5137 198.0 188
191.7773 199.0 188
192.0575 200.0 188
192.3267 202.0 188
192.6563 203.0 188
192.8705 205.0 188
193.4802 207.0 188
194.5624 239.0 188
195.4358 244.0 188
195.7654 244.0 188
196.4685 242.0 188
197.1387 243.0 188
197.4023 245.0 188
197.6825 246.0 188
198.0121 247.0 188
198.3417 248.0 188
198.6053 250.0 188
199.2151 252.0 188
205.5762 281.0 188
205.8398 285.0 188
206.1859 285.0 188
206.4496 286.0 188
206.7792 287.0 188
207.1088 287.0 188
207.4329 288.0 188
207.7789 288.0 188
208.1085 289.0 188
208.3722 290.0 188
208.7018 291.0 188
209.0259 291.0 188
209.3555 292.0 188
209.6356 293.0 188
209.9652 294.0 188
210.2948 295.0 188
210.6244 295.0 188
210.9485 296.0 188
211.2341 297.0 188
211.5582 298.0 188
211.8878 299.0 188
212.1680 300.0 188
212.4976 301.0 188
212.8271 302.0 188
213.1512 303.0 188
213.4204 304.0 188
213.7610 305.0 188
214.0906 306.0 188
214.4202 307.0 188
214.6838 308.0 188
215.0134 309.0 188
215.3430 311.0 188
215.6232 312.0 188
215.9528 314.0 188
216.2769 315.0 188
216.5625 317.0 188
216.8262 322.0 188
217.8259 323.0 188
218.1555 321.0 188
218.4796 323.0 188
218.7488 325.0 188
219.0729 327.0 188
219.3585 328.0 188
219.6826 328.0 188
220.3418 331.0 188
220.6219 336.0 188
220.8856 337.0 188
221.2152 338.0 188
221.5448 340.0 188
221.8250 342.0 188
222.1545 345.0 188
222.4347 347.0 188
222.7643 350.0 188
223.0280 352.0 188
223.3575 354.0 188
223.6377 357.0 188
224.2310 362.0 188
225.7965 672.0 188
226.1206 668.0 188
226.4502 666.0 188
226.8402 664.0 188
227.1698 660.0 188
227.4994 658.0 188
227.8235 656.0 188
228.1696 652.0 188
228.4991 650.0 188
228.8727 646.0 188
229.2023 642.0 188
229.5428 640.0 188
229.8724 640.0 188
230.2020 636.0 188
230.5261 634.0 188
230.8722 632.0 188
231.2457 630.0 188
231.5918 626.0 188
244.1986 108.0 188
244.5282 108.0 188
244.8743 108.0 188
245.1984 108.0 188
245.5280 108.0 188
245.9839 107.0 188
246.3080 107.0 188
246.6376 107.0 188
246.9672 107.0 188
247.3077 107.0 188
247.7472 106.0 188
248.0768 106.0 188
248.4174 106.0 188
248.7469 106.0 188
249.0765 106.0 188
249.4061 106.0 188
249.7467 106.0 188
250.0763 106.0 188
250.5762 105.0 188
250.9167 105.0 188
251.2463 105.0 188
251.5759 105.0 188
251.9055 105.0 188
252.2461 105.0 188
252.5757 105.0 188
252.9053 105.0 188
253.2294 105.0 188
253.5754 105.0 188
253.9050 105.0 188
254.2291 105.0 188
254.6851 104.0 188
255.0146 104.0 188
255.3387 104.0 188
255.6683 104.0 188
256.6681 104.0 188
280.8545 104.0 188
281.2006 104.0 188
281.5302 104.0 188
281.8542 104.0 188
282.1838 104.0 188
282.5134 104.0 188
282.7332 105.0 188
283.0573 105.0 188
283.3868 105.0 188
283.7164 105.0 188
284.0460 105.0 188
284.3866 105.0 188
284.7162 105.0 188
285.0458 105.0 188
285.3699 105.0 188
285.6995 105.0 188
286.0291 105.0 188
286.3586 105.0 188
286.6992 105.0 188
287.0288 105.0 188
287.3584 105.0 188
287.6825 105.0 188
287.8418 106.0 188
288.1714 106.0 188
288.4955 106.0 188
288.8251 106.0 188
289.1711 106.0 188
289.4952 106.0 188
289.8248 106.0 188
290.0446 107.0 188
290.3741 107.0 188
290.6982 107.0 188
291.0278 107.0 188
291.3574 107.0 188
291.6870 107.0 188
291.9012 108.0 188
292.2308 108.0 188
292.5604 108.0 188
292.9010 108.0 188
293.1042 109.0 188
293.4338 109.0 188
293.7799 109.0 188
294.1040 109.0 188
294.3237 110.0 188
294.6533 110.0 188
294.9829 110.0 188
295.3125 110.0 188
295.5267 111.0 188
295.8563 111.0 188
296.1859 111.0 188
296.4056 112.0 188
296.7297 112.0 188
297.2791 113.0 188
297.8229 114.0 188
298.0426 115.0 188
298.2458 116.0 188
298.5260 117.0 188
298.8556 117.0 188
299.0753 118.0 188
299.4049 118.0 188
299.7290 118.0 188
299.9487 119.0 188
300.2783 119.0 188
300.4980 120.0 188
300.8276 120.0 188
301.1517 120.0 188
301.4374 121.0 188
301.7615 121.0 188
301.9812 122.0 188
302.3108 122.0 188
302.6404 122.0 188
302.8546 123.0 188
303.1842 123.0 188
303.4644 124.0 188
303.7939 124.0 188
304.1235 124.0 188
304.3433 125.0 188
304.9969 125.0 188
305.4803 127.0 188
305.7605 128.0 188
306.0901 128.0 188
306.3098 129.0 188
306.5735 130.0 188
306.9196 130.0 188
307.1393 131.0 188
307.4634 131.0 188
307.7930 131.0 188
308.0621 132.0 188
308.2764 133.0 188
308.6060 133.0 188
308.8861 134.0 188
309.2157 134.0 188
309.4958 135.0 188
309.8254 135.0 188
310.0452 136.0 188
310.3088 137.0 188
310.6384 137.0 188
310.9186 138.0 188
311.1383 139.0 188
311.4679 139.0 188
311.7316 140.0 188
312.0776 140.0 188
312.3413 141.0 188
312.6215 142.0 188
312.9510 142.0 188
313.2806 142.0 188
313.4949 143.0 188
313.7640 144.0 188
314.0442 145.0 188
314.3738 145.0 188
314.6539 146.0 188
314.9176 147.0 188
315.2472 147.0 188
315.5273 148.0 188
315.7965 149.0 188
316.0107 150.0 188
316.2964 151.0 188
316.6205 151.0 188
316.8896 152.0 188
317.1698 153.0 188
317.4335 154.0 188
317.7136 155.0 188
318.6530 156.0 188
320.1086 180.0 188
320.3888 181.0 188
320.7184 181.0 188
321.0425 182.0 188
321.3281 183.0 188
321.6522 183.0 188
321.9214 184.0 188
322.2015 185.0 188
322.5311 186.0 188
322.7948 187.0 188
323.0750 188.0 188
323.4045 189.0 188
323.6847 190.0 188
323.9484 192.0 188
324.8438 194.0 188
330.6226 323.0 188
331.0126 318.0 188
331.3422 316.0 188
331.7322 314.0 188
332.0618 313.0 188
333.1055 311.0 188
335.0446 314.0 188
335.3082 317.0 188
335.6982 314.0 188
336.0938 311.0 188
336.3739 312.0 188
336.6980 313.0 188
337.0276 313.0 188
337.3572 314.0 188
337.6868 315.0 188
337.9669 317.0 188
338.9667 319.0 188
339.8401 356.0 188
340.0598 362.0 188
340.3894 364.0 188
340.7794 358.0 188
341.4990 355.0 188
351.9635 227.0 188
352.2931 226.0 188
352.6831 225.0 188
353.0731 223.0 188
353.4027 223.0 188
353.6719 224.0 188
354.0125 224.0 188
354.3420 224.0 188
354.6057 226.0 188
354.9518 227.0 188
355.2759 227.0 188
355.5450 228.0 188
355.8252 230.0 188
356.1053 232.0 188
356.3745 235.0 188
