2.6367 127.0 188
2.9663 127.0 188
3.3124 127.0 188
3.5760 128.0 188
3.9056 128.0 188
4.2462 128.0 188
4.5758 128.0 188
4.9054 128.0 188
5.2460 128.0 188
5.5756 128.0 188
5.9052 128.0 188
6.2292 128.0 188
6.5753 128.0 188
6.7950 129.0 188
7.2290 128.0 188
7.5751 128.0 188
7.7948 129.0 188
8.1244 129.0 188
8.4485 129.0 188
8.7781 129.0 188
9.1241 129.0 188
9.3878 130.0 188
9.7339 130.0 188
10.0580 130.0 188
10.3876 130.0 188
10.7172 130.0 188
11.0577 130.0 188
11.3873 130.0 188
11.7169 130.0 188
11.9366 131.0 188
12.2772 131.0 188
12.6068 131.0 188
12.9364 131.0 188
13.2605 131.0 188
13.6066 131.0 188
13.8702 132.0 188
14.2163 132.0 188
14.5459 132.0 188
14.7656 133.0 188
15.0897 133.0 188
15.4193 133.0 188
15.7654 133.0 188
16.0895 133.0 188
16.3696 134.0 188
16.6992 134.0 188
17.0288 134.0 188
17.3090 135.0 188
17.6385 135.0 188
17.9681 135.0 188
18.3087 135.0 188
18.5284 136.0 188
18.8580 136.0 188
19.1821 136.0 188
19.5282 136.0 188
19.8578 136.0 188
20.1215 137.0 188
20.4675 137.0 188
20.7312 138.0 188
21.0773 138.0 188
21.4014 138.0 188
21.7310 138.0 188
21.9507 139.0 188
22.2968 139.0 188
22.6208 139.0 188
22.8900 140.0 188
23.2306 140.0 188
23.5602 140.0 188
23.8403 141.0 188
24.1699 141.0 188
24.4501 142.0 188
24.7797 142.0 188
24.9994 143.0 188
25.3235 143.0 188
25.6531 143.0 188
25.9332 144.0 188
26.2628 144.0 188
26.5430 145.0 188
26.8726 145.0 188
27.1527 146.0 188
27.4823 146.0 188
27.8229 146.0 188
28.0920 147.0 188
28.4216 147.0 188
28.7018 148.0 188
28.9819 149.0 188
29.3115 149.0 188
29.6356 149.0 188
29.8553 150.0 188
30.2014 150.0 188
30.4651 151.0 188
30.7452 152.0 188
31.0748 152.0 188
31.3550 153.0 188
31.6846 153.0 188
31.9647 154.0 188
32.2943 154.0 188
32.5745 155.0 188
32.8436 156.0 188
33.1842 156.0 188
33.4479 157.0 188
33.7939 157.0 188
50.0153 133.0 188
50.4492 132.0 188
50.7953 132.0 188
51.1688 131.0 188
51.6248 130.0 188
52.0148 129.0 188
52.3389 129.0 188
52.6685 129.0 188
53.1244 128.0 188
53.5144 127.0 188
53.8385 127.0 188
54.2944 126.0 188
54.6240 126.0 188
55.0140 125.0 188
55.3436 125.0 188
55.7941 124.0 188
56.1237 124.0 188
56.5137 123.0 188
56.9641 122.0 188
57.2937 122.0 188
57.6233 122.0 188
58.0737 121.0 188
58.4033 121.0 188
58.7933 120.0 188
59.1229 120.0 188
59.4635 120.0 188
59.9030 119.0 188
60.2325 119.0 188
60.6830 118.0 188
61.0126 118.0 188
61.4685 117.0 188
61.7926 117.0 188
62.1387 117.0 188
62.5122 116.0 188
62.8583 116.0 188
63.2922 115.0 188
63.6383 115.0 188
63.9679 115.0 188
64.4183 114.0 188
64.7479 114.0 188
65.0775 114.0 188
65.5280 113.0 188
65.8575 113.0 188
66.1981 113.0 188
66.6376 112.0 188
66.9836 112.0 188
67.3077 112.0 188
67.7637 111.0 188
68.0933 111.0 188
68.4174 111.0 188
68.7634 111.0 188
69.0930 111.0 188
69.5435 110.0 188
69.8730 110.0 188
70.2136 110.0 188
70.5432 110.0 188
70.9991 109.0 188
71.3232 109.0 188
71.6693 109.0 188
71.9989 109.0 188
72.3230 109.0 188
72.7789 108.0 188
73.1085 108.0 188
73.4491 108.0 188
73.7787 108.0 188
74.1248 108.0 188
74.4489 108.0 188
74.7784 108.0 188
75.2344 107.0 188
75.5750 107.0 188
75.9045 107.0 188
76.2341 107.0 188
76.5747 107.0 188
76.9043 107.0 188
77.2339 107.0 188
77.5745 107.0 188
77.9041 107.0 188
78.2446 107.0 188
78.5742 107.0 188
78.9038 107.0 188
79.2499 107.0 188
79.7003 106.0 188
80.0299 106.0 188
80.3540 106.0 188
80.7001 106.0 188
81.0297 106.0 188
81.3593 106.0 188
81.6998 106.0 188
82.0294 106.0 188
82.3700 106.0 188
82.6996 106.0 188
83.0292 106.0 188
83.3698 106.0 188
83.6993 106.0 188
84.0454 106.0 188
84.3750 106.0 188
84.6991 106.0 188
85.0452 106.0 188
85.3748 106.0 188
85.6989 106.0 188
86.2152 105.0 188
86.5448 105.0 188
86.8854 105.0 188
87.2150 105.0 188
87.5446 105.0 188
87.8906 105.0 188
88.2147 105.0 188
88.5608 105.0 188
88.8904 105.0 188
89.2145 105.0 188
89.5605 105.0 188
89.8901 105.0 188
90.2142 105.0 188
91.2305 105.0 188
91.5601 105.0 188
91.8896 105.0 188
92.2302 105.0 188
92.3895 106.0 188
92.7301 106.0 188
93.0597 106.0 188
93.3893 106.0 188
93.7299 106.0 188
94.0594 106.0 188
94.3890 106.0 188
94.7296 106.0 188
95.0592 106.0 188
95.4053 106.0 188
95.7294 106.0 188
96.0590 106.0 188
96.4050 106.0 188
96.7291 106.0 188
96.9489 107.0 188
97.2949 107.0 188
97.6245 107.0 188
97.9486 107.0 188
98.2947 107.0 188
98.6243 107.0 188
98.9484 107.0 188
99.2944 107.0 188
99.6240 107.0 188
99.9481 107.0 188
100.2942 107.0 188
100.6238 107.0 188
100.8435 108.0 188
101.1676 108.0 188
101.4972 108.0 188
101.8433 108.0 188
102.1674 108.0 188
102.4969 108.0 188
102.8430 108.0 188
103.1671 108.0 188
103.4967 108.0 188
103.7164 109.0 188
104.0460 109.0 188
104.3866 109.0 188
104.7162 109.0 188
105.0458 109.0 188
105.2655 110.0 188
105.6061 110.0 188
105.9357 110.0 188
106.2653 110.0 188
106.6058 110.0 188
106.8091 111.0 188
107.1552 111.0 188
107.4792 111.0 188
107.8088 111.0 188
108.0286 112.0 188
108.3746 112.0 188
108.6987 112.0 188
109.0283 112.0 188
109.2480 113.0 188
109.5886 113.0 188
109.9182 113.0 188
110.1379 114.0 188
110.4675 114.0 188
110.7916 114.0 188
111.1377 114.0 188
111.3574 115.0 188
111.6870 115.0 188
112.0111 115.0 188
112.2308 116.0 188
112.5769 116.0 188
112.9010 116.0 188
113.1866 117.0 188
113.5107 117.0 188
113.8403 117.0 188
114.0601 118.0 188
114.3896 118.0 188
114.6094 119.0 188
114.9500 119.0 188
115.1697 120.0 188
115.4993 120.0 188
116.9824 126.0 188
117.2021 127.0 188
117.5262 127.0 188
117.8723 127.0 188
118.1360 128.0 188
118.5260 127.0 188
118.8721 127.0 188
119.2017 127.0 188
119.5313 127.0 188
119.8114 128.0 188
120.1355 128.0 188
120.4651 128.0 188
120.6848 129.0 188
121.0309 129.0 188
121.3550 129.0 188
121.6406 130.0 188
121.9647 130.0 188
122.2943 130.0 188
122.5140 131.0 188
122.8546 131.0 188
123.1238 132.0 188
123.4644 132.0 188
123.6841 133.0 188
124.0137 133.0 188
124.2938 134.0 188
124.6234 134.0 188
124.9036 135.0 188
125.2332 135.0 188
125.4529 136.0 188
125.7770 136.0 188
126.1066 136.0 188
126.3867 137.0 188
126.7163 137.0 188
126.9965 138.0 188
127.2162 139.0 188
127.5458 139.0 188
127.8259 140.0 188
128.1555 140.0 188
128.4796 140.0 188
128.7653 141.0 188
129.0454 142.0 188
129.3750 142.0 188
129.5892 143.0 188
129.8749 144.0 188
130.1990 144.0 188
130.4681 145.0 188
130.8087 145.0 188
131.0779 146.0 188
131.3580 147.0 188
131.6821 147.0 188
131.9678 148.0 188
132.2314 149.0 188
132.5775 149.0 188
132.7917 150.0 188
133.0609 151.0 188
133.4015 151.0 188
133.6707 152.0 188
133.9508 153.0 188
134.2804 153.0 188
134.5605 154.0 188
134.8242 155.0 188
135.1044 156.0 188
135.3900 157.0 188
135.6537 158.0 188
135.9833 158.0 188
136.2634 159.0 188
136.5436 160.0 188
136.8073 161.0 188
137.0929 162.0 188
137.3730 163.0 188
137.7026 163.0 188
137.9663 164.0 188
138.3124 165.0 188
138.5760 166.0 188
138.8562 167.0 188
139.1364 168.0 188
139.4055 169.0 188
139.6857 170.0 188
139.9493 171.0 188
140.2295 172.0 188
140.5591 173.0 188
140.8392 174.0 188
141.1249 175.0 188
141.3885 176.0 188
141.6687 177.0 188
141.9983 178.0 188
142.2180 180.0 188
142.4982 181.0 188
142.8278 182.0 188
143.1079 183.0 188
143.3716 184.0 188
143.6517 186.0 188
143.9374 187.0 188
144.2010 188.0 188
144.4812 190.0 188
144.7614 191.0 188
145.0909 192.0 188
145.3546 193.0 188
145.6403 195.0 188
145.9204 196.0 188
146.1841 198.0 188
146.4642 199.0 188
146.7499 200.0 188
147.0135 202.0 188
147.6233 204.0 188
148.6835 203.0 188
150.7764 210.0 188
151.0620 211.0 188
151.3257 212.0 188
151.6553 212.0 188
151.9958 213.0 188
152.2650 214.0 188
152.6056 215.0 188
152.8748 217.0 188
153.1549 218.0 188
153.4790 219.0 188
153.7646 220.0 188
154.0887 221.0 188
154.3744 222.0 188
154.6381 224.0 188
154.9841 225.0 188
155.2478 226.0 188
155.5280 228.0 188
155.8575 229.0 188
156.1377 230.0 188
156.4673 231.0 188
156.7310 233.0 188
157.0605 234.0 188
157.3407 236.0 188
157.6208 238.0 188
157.8900 239.0 188
158.2141 241.0 188
158.4998 242.0 188
158.7799 244.0 188
159.0436 246.0 188
159.3732 248.0 188
159.6533 250.0 188
159.9335 252.0 188
160.2631 253.0 188
160.5267 255.0 188
160.8124 257.0 188
161.0925 260.0 188
161.3562 262.0 188
161.6858 264.0 188
161.9659 265.0 188
162.2955 267.0 188
162.5757 270.0 188
162.8394 273.0 188
163.1250 275.0 188
163.3887 277.0 188
163.7292 279.0 188
163.9984 282.0 188
164.2786 285.0 188
164.5422 288.0 188
164.8279 291.0 188
165.1080 294.0 188
165.4321 296.0 188
165.7013 298.0 188
165.9814 301.0 188
166.2616 305.0 188
166.5308 309.0 188
166.8109 312.0 188
167.1405 315.0 188
167.4207 318.0 188
168.0139 323.0 188
168.2336 330.0 188
168.8434 335.0 188
173.7488 341.0 188
177.2150 387.0 188
178.1049 401.0 188
178.4344 398.0 188
178.8245 396.0 188
179.0936 397.0 188
179.4177 398.0 188
179.7638 399.0 188
180.0934 401.0 188
182.9498 412.0 188
183.6694 408.0 188
184.0155 405.0 188
184.3396 405.0 188
184.6692 405.0 188
184.9988 405.0 188
185.3229 406.0 188
185.6525 406.0 188
185.9985 406.0 188
186.3281 406.0 188
186.6522 407.0 188
186.9818 409.0 188
187.2620 410.0 188
187.5916 412.0 188
187.9211 414.0 188
188.8550 417.0 188
189.5142 465.0 188
190.6238 450.0 188
191.2775 452.0 188
191.5576 456.0 188
192.5464 461.0 188
196.3586 484.0 188
196.6827 486.0 188
197.0123 486.0 188
197.3419 486.0 188
197.6715 486.0 188
198.3417 487.0 188
201.7969 260.0 188
202.2308 255.0 188
202.6868 250.0 188
203.1207 245.0 188
203.5767 240.0 188
204.0106 235.0 188
204.4501 230.0 188
204.9060 226.0 188
205.3400 222.0 188
205.7794 218.0 188
206.2299 214.0 188
206.7297 210.0 188
207.1198 207.0 188
207.5592 204.0 188
207.9987 200.0 188
208.4491 197.0 188
208.8885 194.0 188
209.3390 191.0 188
209.7784 188.0 188
210.2179 186.0 188
210.5585 186.0 188
210.8276 187.0 188
211.1517 187.0 188
212.2174 178.0 188
212.6514 175.0 188
213.1073 173.0 188
213.4808 171.0 188
213.9368 169.0 188
214.4366 166.0 188
214.8267 164.0 188
215.2606 162.0 188
215.7166 160.0 188
216.1560 158.0 188
216.5900 156.0 188
217.0459 154.0 188
217.4359 153.0 188
217.8699 151.0 188
218.2654 150.0 188
218.7653 148.0 188
219.1992 146.0 188
219.5892 145.0 188
220.0452 143.0 188
220.4791 142.0 188
220.8746 141.0 188
221.3086 139.0 188
221.7645 138.0 188
222.1545 137.0 188
222.5281 136.0 188
222.9840 135.0 188
223.3081 135.0 188
223.6981 134.0 188
224.0442 134.0 188
224.3738 134.0 188
224.6979 134.0 188
224.9835 135.0 188
225.3076 135.0 188
225.5273 136.0 188
225.8734 136.0 188
226.1371 137.0 188
226.4832 137.0 188
226.7468 138.0 188
227.3071 139.0 188
235.6677 119.0 188
236.1237 118.0 188
236.5741 117.0 188
236.9641 116.0 188
237.2937 116.0 188
237.7496 115.0 188
238.0737 115.0 188
238.5297 114.0 188
238.8593 114.0 188
239.1833 114.0 188
239.6393 113.0 188
239.9634 113.0 188
240.3094 113.0 188
240.7489 112.0 188
241.0730 112.0 188
241.4191 112.0 188
241.8585 111.0 188
242.1991 111.0 188
242.5287 111.0 188
242.8583 111.0 188
243.3087 110.0 188
243.9844 110.0 188
245.1984 111.0 188
245.4181 112.0 188
245.7477 112.0 188
246.0773 112.0 188
246.4178 112.0 188
246.7474 112.0 188
247.0770 112.0 188
247.4176 112.0 188
247.6373 113.0 188
247.9669 113.0 188
248.2965 113.0 188
248.5107 114.0 188
248.8568 114.0 188
249.1864 114.0 188
249.4061 115.0 188
249.7302 115.0 188
250.0763 115.0 188
250.2960 116.0 188
250.6201 116.0 188
250.9058 117.0 188
251.1200 118.0 188
251.4496 118.0 188
251.6693 119.0 188
251.8890 120.0 188
252.2186 120.0 188
252.8229 121.0 188
253.3887 122.0 188
253.5425 124.0 188
257.3712 126.0 188
257.7008 173.0 188
258.0304 173.0 188
258.3105 174.0 188
258.6401 174.0 188
258.9642 174.0 188
259.3542 173.0 188
260.4199 171.0 188
274.4165 165.0 188
274.7461 165.0 188
275.0922 165.0 188
275.4218 165.0 188
275.7458 165.0 188
276.0919 165.0 188
276.4215 165.0 188
276.7456 165.0 188
277.0752 165.0 188
277.4213 165.0 188
277.7454 165.0 188
278.0310 166.0 188
278.3551 166.0 188
278.6847 166.0 188
279.0308 166.0 188
279.3549 166.0 188
279.6844 166.0 188
279.9646 167.0 188
280.2942 167.0 188
280.6403 167.0 188
280.9644 167.0 188
281.2939 167.0 188
281.6400 167.0 188
281.9037 168.0 188
282.2498 168.0 188
282.5739 168.0 188
282.9034 168.0 188
283.1836 169.0 188
283.5132 169.0 188
283.8593 169.0 188
284.1833 169.0 188
284.4635 170.0 188
284.7931 170.0 188
285.0732 171.0 188
285.4028 171.0 188
285.6830 172.0 188
286.0126 172.0 188
286.3422 172.0 188
286.6718 173.0 188
287.0123 173.0 188
287.2760 174.0 188
287.6056 174.0 188
287.8857 175.0 188
288.2153 175.0 188
288.5449 175.0 188
288.8251 176.0 188
289.1547 176.0 188
289.4952 176.0 188
290.0885 177.0 188
301.1243 132.0 188
301.4484 132.0 188
301.8384 131.0 188
302.2778 130.0 188
302.6074 130.0 188
302.9480 130.0 188
303.2776 130.0 188
303.6676 129.0 188
304.1071 128.0 188
304.4971 127.0 188
304.8267 127.0 188
305.1672 127.0 188
305.6067 126.0 188
305.9363 126.0 188
306.3263 125.0 188
306.6669 125.0 188
306.9965 125.0 188
307.4359 124.0 188
308.4961 123.0 188
309.6057 122.0 188
310.1385 127.0 188
310.4681 127.0 188
310.8087 127.0 188
311.1383 127.0 188
311.4679 127.0 188
311.7480 128.0 188
312.0776 128.0 188
312.4017 128.0 188
312.6215 129.0 188
312.9510 129.0 188
313.2312 130.0 188
313.5608 130.0 188
313.9014 130.0 188
314.1046 131.0 188
314.4507 131.0 188
314.7144 132.0 188
315.0604 132.0 188
315.2802 133.0 188
315.6042 133.0 188
315.8734 134.0 188
316.1536 135.0 188
316.4832 135.0 188
319.7186 162.0 188
319.9988 163.0 188
320.6085 164.0 188
321.5424 166.0 188
322.8882 159.0 188
336.9672 137.0 188
337.3572 136.0 188
337.6868 136.0 188
338.0109 136.0 188
338.4668 135.0 188
338.7964 135.0 188
339.1370 135.0 188
339.4666 135.0 188
339.8566 134.0 188
340.1862 134.0 188
340.5267 134.0 188
340.9167 133.0 188
341.2463 133.0 188
341.5759 133.0 188
341.9165 133.0 188
342.3560 132.0 188
342.6855 132.0 188
343.0261 132.0 188
343.4216 131.0 188
343.7457 131.0 188
344.0753 131.0 188
344.4214 131.0 188
344.7455 131.0 188
345.2014 130.0 188
345.5310 130.0 188
345.8551 130.0 188
346.2012 130.0 188
346.5308 130.0 188
346.8549 130.0 188
347.2449 129.0 188
347.5745 129.0 188
347.9205 129.0 188
348.2446 129.0 188
348.5742 129.0 188
348.9203 129.0 188
349.3542 128.0 188
349.7003 128.0 188
350.0299 128.0 188
350.3540 128.0 188
350.7001 128.0 188
351.0297 128.0 188
351.3593 128.0 188
351.6998 128.0 188
352.0294 128.0 188
352.3590 128.0 188
352.7490 127.0 188
353.0731 127.0 188
353.3588 128.0 188
353.7488 127.0 188
354.0729 127.0 188
354.4025 127.0 188
354.7321 127.0 188
355.0616 127.0 188
355.4022 127.0 188
355.7318 127.0 188
356.0614 127.0 188
356.3855 127.0 188
356.7316 127.0 188
357.0612 127.0 188
357.3853 127.0 188
357.7148 127.0 188
358.0609 127.0 188
358.3905 127.0 188
358.7146 127.0 188
359.0442 127.0 188
359.3738 127.0 188
359.7144 127.0 188
0.0439 127.0 188
0.3735 127.0 188
0.7031 127.0 188
1.0437 127.0 188
1.3733 127.0 188
1.7029 127.0 188
2.0270 127.0 188
2.3730 127.0 188
