356.5613 282.0 188
356.8854 282.0 188
357.2150 282.0 188
357.5446 282.0 188
357.8741 282.0 188
358.1543 283.0 188
358.4839 283.0 188
358.8080 283.0 188
359.1376 283.0 188
359.4836 283.0 188
359.8077 283.0 188
0.1373 284.0 188
0.4669 284.0 188
0.7965 284.0 188
1.1206 284.0 188
1.4667 285.0 188
1.7963 285.0 188
2.1204 285.0 188
2.4500 285.0 188
2.7301 286.0 188
3.0597 286.0 188
3.3893 286.0 188
3.7134 286.0 188
4.0430 287.0 188
4.3726 287.0 188
4.7021 288.0 188
5.0427 288.0 188
5.3723 288.0 188
5.7019 289.0 188
6.0260 289.0 188
6.3116 290.0 188
6.6357 290.0 188
6.9653 290.0 188
7.2949 291.0 188
11.2006 294.0 188
20.4840 216.0 188
20.8740 214.0 188
21.3080 211.0 188
21.6980 209.0 188
22.1539 206.0 188
22.5934 203.0 188
22.9834 201.0 188
23.3734 199.0 188
23.7469 197.0 188
24.2029 195.0 188
24.6368 192.0 188
25.0269 190.0 188
25.4169 188.0 188
25.8563 186.0 188
26.2024 185.0 188
26.6364 183.0 188
27.0264 181.0 188
27.4658 179.0 188
27.8558 177.0 188
28.3118 175.0 188
28.6853 174.0 188
29.0753 172.0 188
29.4653 171.0 188
29.9048 169.0 188
30.3552 167.0 188
30.7452 166.0 188
31.1353 164.0 188
31.5143 163.0 188
31.9043 162.0 188
32.2943 161.0 188
32.7338 159.0 188
33.1238 158.0 188
33.5138 157.0 188
33.9038 156.0 188
34.2938 155.0 188
34.6838 154.0 188
35.0574 153.0 188
35.4529 152.0 188
35.9033 150.0 188
36.2329 150.0 188
36.6669 149.0 188
37.0624 148.0 188
37.4524 147.0 188
37.8424 146.0 188
38.2324 145.0 188
38.5620 145.0 188
38.9520 144.0 188
39.2761 144.0 188
39.5618 145.0 188
39.9353 144.0 188
40.2759 144.0 188
40.7813 142.0 188
41.2811 139.0 188
41.7151 138.0 188
42.1051 137.0 188
42.4951 136.0 188
42.9346 135.0 188
43.2806 135.0 188
43.6707 134.0 188
44.0442 133.0 188
44.4946 132.0 188
44.8901 131.0 188
45.2142 131.0 188
45.6537 130.0 188
46.0437 129.0 188
46.3733 129.0 188
46.8237 128.0 188
47.2137 127.0 188
47.5433 127.0 188
47.9993 126.0 188
48.3728 125.0 188
48.7134 125.0 188
49.1528 124.0 188
49.4824 124.0 188
49.8724 123.0 188
50.2020 123.0 188
50.6525 122.0 188
50.9821 122.0 188
51.4325 121.0 188
51.7621 121.0 188
52.1521 120.0 188
52.5916 119.0 188
52.9211 119.0 188
53.3716 118.0 188
53.7012 118.0 188
54.1516 117.0 188
54.4812 117.0 188
54.8108 117.0 188
55.2008 116.0 188
55.6403 115.0 188
55.9808 115.0 188
56.3104 115.0 188
56.7499 114.0 188
57.0905 114.0 188
57.5299 113.0 188
57.8540 113.0 188
58.2001 113.0 188
58.6395 112.0 188
58.9636 112.0 188
59.2932 112.0 188
59.7491 111.0 188
60.0732 111.0 188
60.4193 111.0 188
60.8588 110.0 188
61.1829 110.0 188
61.5289 110.0 188
61.9684 109.0 188
62.2925 109.0 188
62.6385 109.0 188
62.9681 109.0 188
63.4186 108.0 188
63.7482 108.0 188
64.0778 108.0 188
64.4019 108.0 188
64.7479 108.0 188
65.0775 108.0 188
65.5115 107.0 188
65.8575 107.0 188
66.1871 107.0 188
66.5112 107.0 188
66.8408 107.0 188
67.1869 107.0 188
67.5110 107.0 188
67.9504 106.0 188
68.2965 106.0 188
68.6206 106.0 188
68.9502 106.0 188
69.2798 106.0 188
69.6204 106.0 188
69.9500 106.0 188
70.2795 106.0 188
70.6091 106.0 188
70.9497 106.0 188
71.4496 105.0 188
71.7792 105.0 188
72.1198 105.0 188
72.4493 105.0 188
72.7789 105.0 188
73.1085 105.0 188
73.4491 105.0 188
73.7787 105.0 188
74.1083 105.0 188
74.4324 105.0 188
74.7784 105.0 188
75.1080 105.0 188
75.4321 105.0 188
75.7617 105.0 188
76.1078 105.0 188
76.4374 105.0 188
76.7615 105.0 188
77.0911 105.0 188
77.4371 105.0 188
77.8711 104.0 188
78.2007 104.0 188
78.5468 104.0 188
78.8708 104.0 188
79.2004 104.0 188
79.5300 104.0 188
79.8706 104.0 188
80.2002 104.0 188
80.5298 104.0 188
80.8594 104.0 188
81.2000 104.0 188
81.5295 104.0 188
81.8591 104.0 188
82.1832 104.0 188
82.5293 104.0 188
82.8589 104.0 188
83.1830 104.0 188
83.5126 104.0 188
83.8586 104.0 188
84.5123 104.0 188
84.8419 104.0 188
85.1825 104.0 188
85.5121 104.0 188
86.1713 104.0 188
86.5118 104.0 188
86.8414 104.0 188
87.1710 104.0 188
87.4951 104.0 188
87.8412 104.0 188
88.1708 104.0 188
88.4949 104.0 188
88.8245 104.0 188
89.1705 104.0 188
89.4946 104.0 188
89.7144 105.0 188
90.0439 105.0 188
90.3735 105.0 188
90.7141 105.0 188
91.0437 105.0 188
91.3733 105.0 188
91.7029 105.0 188
92.0435 105.0 188
92.3730 105.0 188
92.7026 105.0 188
93.0267 105.0 188
93.3563 105.0 188
93.7024 105.0 188
94.0265 105.0 188
94.3561 105.0 188
94.6857 105.0 188
95.0153 105.0 188
95.3558 105.0 188
95.6854 105.0 188
96.0150 105.0 188
96.3391 105.0 188
96.6687 105.0 188
97.0148 105.0 188
97.1686 106.0 188
98.0420 107.0 188
118.8721 105.0 188
119.2181 105.0 188
119.5422 105.0 188
119.8718 105.0 188
120.2014 105.0 188
120.5310 105.0 188
120.8716 105.0 188
121.0309 106.0 188
121.3550 106.0 188
121.6846 106.0 188
122.0142 106.0 188
122.3547 106.0 188
122.6843 106.0 188
122.9041 107.0 188
123.2336 107.0 188
123.5577 107.0 188
123.8873 107.0 188
124.1071 108.0 188
124.4366 108.0 188
124.7772 108.0 188
125.1068 108.0 188
125.3265 109.0 188
125.6561 109.0 188
125.9802 109.0 188
126.3098 109.0 188
126.5295 110.0 188
126.8591 110.0 188
127.1832 110.0 188
127.4030 111.0 188
127.7325 111.0 188
128.0731 111.0 188
128.4027 111.0 188
128.6224 112.0 188
128.9520 112.0 188
129.1718 113.0 188
129.4958 113.0 188
129.8254 113.0 188
130.0452 114.0 188
130.3748 114.0 188
130.5890 115.0 188
130.9186 115.0 188
131.1383 116.0 188
131.4679 116.0 188
131.7920 116.0 188
132.0776 117.0 188
132.4017 117.0 188
132.6215 118.0 188
132.9510 118.0 188
133.1708 119.0 188
133.4949 119.0 188
133.7146 120.0 188
134.0442 120.0 188
134.3243 121.0 188
134.6539 121.0 188
134.8737 122.0 188
135.1978 122.0 188
135.4175 123.0 188
135.7471 123.0 188
136.0272 124.0 188
136.3568 124.0 188
136.5765 125.0 188
136.8402 126.0 188
137.1863 126.0 188
137.5104 126.0 188
137.7301 127.0 188
137.9993 128.0 188
138.3234 128.0 188
138.5431 129.0 188
138.8892 129.0 188
139.1528 130.0 188
139.4824 130.0 188
139.7021 131.0 188
139.9823 132.0 188
140.3119 132.0 188
140.5261 133.0 188
140.8557 133.0 188
141.1359 134.0 188
141.4050 135.0 188
141.7291 135.0 188
141.9489 136.0 188
142.2784 136.0 188
142.5586 137.0 188
142.8387 138.0 188
143.0420 139.0 188
143.3276 140.0 188
143.6517 140.0 188
143.9374 141.0 188
144.2010 142.0 188
144.4208 143.0 188
144.7009 144.0 188
145.0305 144.0 188
145.3107 145.0 188
145.5743 146.0 188
145.8545 147.0 188
146.1841 147.0 188
146.4478 148.0 188
146.7334 149.0 188
146.9531 150.0 188
147.2168 151.0 188
147.4969 152.0 188
147.7771 153.0 188
148.0463 154.0 188
148.3264 155.0 188
148.5901 156.0 188
148.8702 157.0 188
149.1394 158.0 188
149.4196 159.0 188
149.6832 160.0 188
149.9634 161.0 188
150.2490 162.0 188
150.5127 163.0 188
150.7928 164.0 188
151.1224 165.0 188
151.3861 166.0 188
151.6058 168.0 188
151.8860 169.0 188
152.1552 170.0 188
152.4353 171.0 188
152.6990 172.0 188
152.9791 174.0 188
153.2483 175.0 188
153.4680 177.0 188
153.7921 178.0 188
154.0778 179.0 188
154.2810 181.0 188
154.6216 182.0 188
154.8248 184.0 188
155.1050 185.0 188
155.3741 187.0 188
155.6543 188.0 188
155.9839 189.0 188
156.1981 191.0 188
156.4673 193.0 188
156.7474 194.0 188
157.0111 196.0 188
157.2968 198.0 188
157.5604 199.0 188
157.8406 201.0 188
158.1042 203.0 188
158.3240 205.0 188
164.9487 256.0 188
170.5573 241.0 188
170.8868 239.0 188
171.2164 239.0 188
172.2656 238.0 188
172.5293 240.0 188
172.8094 242.0 188
173.1390 242.0 188
173.4686 242.0 188
173.7927 242.0 188
174.1223 243.0 188
174.4025 244.0 188
174.7321 245.0 188
175.0616 245.0 188
175.3253 246.0 188
175.6549 247.0 188
175.9790 248.0 188
179.6045 263.0 188
182.0435 258.0 188
182.4335 254.0 188
182.7631 254.0 188
183.0927 254.0 188
183.4167 254.0 188
183.7463 255.0 188
184.0924 255.0 188
184.4165 255.0 188
184.7461 255.0 188
185.0757 256.0 188
185.4218 256.0 188
185.7458 256.0 188
186.0150 257.0 188
186.3556 258.0 188
186.6248 259.0 188
186.9489 260.0 188
187.2949 261.0 188
187.5586 262.0 188
187.8882 263.0 188
188.1683 265.0 188
188.4979 267.0 188
189.4977 265.0 188
189.5911 298.0 188
189.8273 304.0 188
190.0909 309.0 188
190.7007 313.0 188
191.8542 302.0 188
192.1399 304.0 188
192.4640 306.0 188
192.7936 307.0 188
193.0737 309.0 188
193.4033 311.0 188
193.6835 313.0 188
200.2478 342.0 188
200.5884 344.0 188
200.9180 345.0 188
201.2476 346.0 188
201.5771 346.0 188
201.8573 348.0 188
202.1869 348.0 188
202.5110 349.0 188
202.8571 349.0 188
203.1866 350.0 188
203.5107 351.0 188
203.7964 352.0 188
204.1205 355.0 188
205.0598 359.0 188
205.4498 353.0 188
205.7135 357.0 188
206.0596 359.0 188
206.3892 360.0 188
206.7188 361.0 188
206.9989 362.0 188
207.3230 363.0 188
207.6526 364.0 188
207.9822 364.0 188
208.5919 368.0 188
208.9215 372.0 188
209.2621 371.0 188
209.5917 372.0 188
209.8553 373.0 188
210.2014 374.0 188
210.5310 376.0 188
210.8551 377.0 188
211.1847 378.0 188
211.4648 380.0 188
211.7944 381.0 188
212.1240 384.0 188
212.7338 385.0 188
219.8584 148.0 188
220.2484 147.0 188
220.6384 146.0 188
221.0284 145.0 188
221.4185 144.0 188
221.7920 143.0 188
222.2479 142.0 188
222.6379 141.0 188
223.0280 140.0 188
223.4015 139.0 188
223.8574 138.0 188
224.2474 137.0 188
224.6375 136.0 188
225.0769 135.0 188
225.4010 135.0 188
225.7965 134.0 188
226.1865 133.0 188
226.6205 132.0 188
227.0105 131.0 188
227.3566 131.0 188
227.7960 130.0 188
228.1860 129.0 188
228.5156 129.0 188
228.9661 128.0 188
229.3396 127.0 188
229.6857 127.0 188
230.1196 126.0 188
230.4492 126.0 188
230.8392 125.0 188
231.1688 125.0 188
231.6248 124.0 188
231.9489 124.0 188
232.3389 123.0 188
232.7783 122.0 188
233.1244 122.0 188
233.5583 121.0 188
233.8879 121.0 188
234.2780 120.0 188
234.6075 120.0 188
235.0580 119.0 188
235.4974 118.0 188
235.8435 118.0 188
236.1676 118.0 188
236.6071 117.0 188
236.9971 116.0 188
237.3267 116.0 188
237.6672 116.0 188
238.1067 115.0 188
238.4363 115.0 188
238.7769 115.0 188
239.2163 114.0 188
239.6667 113.0 188
239.9963 113.0 188
240.3259 113.0 188
240.7764 112.0 188
241.1060 112.0 188
241.4355 112.0 188
241.7651 112.0 188
242.2156 111.0 188
242.6550 110.0 188
242.9956 110.0 188
243.3252 110.0 188
243.6548 110.0 188
243.9844 110.0 188
244.3085 110.0 188
244.6545 110.0 188
245.0885 109.0 188
245.4181 109.0 188
245.8740 108.0 188
246.1981 108.0 188
246.5277 108.0 188
246.8573 108.0 188
247.1979 108.0 188
247.5275 108.0 188
247.8571 108.0 188
248.3075 107.0 188
248.6371 107.0 188
248.9667 107.0 188
249.2963 107.0 188
249.6368 107.0 188
250.0763 106.0 188
250.4059 106.0 188
250.7300 106.0 188
251.0760 106.0 188
251.4056 106.0 188
251.7297 106.0 188
252.0758 106.0 188
252.4054 106.0 188
252.7295 106.0 188
253.2458 105.0 188
253.5754 105.0 188
253.9050 105.0 188
254.2291 105.0 188
254.5752 105.0 188
254.9048 105.0 188
255.2344 105.0 188
255.5750 105.0 188
255.9045 105.0 188
256.2341 105.0 188
256.5582 105.0 188
256.9043 105.0 188
257.2339 105.0 188
257.5580 105.0 188
257.9041 105.0 188
258.2336 105.0 188
258.5577 105.0 188
258.8873 105.0 188
259.2334 105.0 188
259.5575 105.0 188
259.8871 105.0 188
260.2332 105.0 188
260.5573 105.0 188
261.0132 104.0 188
261.3428 104.0 188
261.5625 105.0 188
261.8866 105.0 188
262.2162 105.0 188
262.5623 105.0 188
262.8864 105.0 188
263.2159 105.0 188
263.5620 105.0 188
263.8861 105.0 188
264.2157 105.0 188
264.5453 105.0 188
264.8859 105.0 188
265.2155 105.0 188
265.5450 105.0 188
265.8856 105.0 188
266.2152 105.0 188
266.5448 105.0 188
266.9952 104.0 188
267.3248 104.0 188
267.6544 104.0 188
267.9950 104.0 188
268.2147 105.0 188
268.5443 105.0 188
268.8739 105.0 188
269.1980 105.0 188
269.5441 105.0 188
269.8737 105.0 188
270.1978 105.0 188
270.5438 105.0 188
270.8734 105.0 188
271.2030 105.0 188
271.5436 105.0 188
271.8732 105.0 188
272.2028 105.0 188
272.5269 105.0 188
272.8729 105.0 188
273.2025 105.0 188
273.5266 105.0 188
273.8727 105.0 188
274.2023 105.0 188
274.5264 105.0 188
274.8560 105.0 188
275.2020 105.0 188
275.5261 105.0 188
275.8557 105.0 188
276.2018 105.0 188
276.5259 105.0 188
276.8555 105.0 188
277.1851 105.0 188
277.3553 106.0 188
277.6849 106.0 188
278.0145 106.0 188
278.3551 106.0 188
278.6847 106.0 188
279.0143 106.0 188
279.3384 106.0 188
279.6844 106.0 188
280.0140 106.0 188
280.3436 106.0 188
280.6842 106.0 188
281.0138 106.0 188
281.2335 107.0 188
281.5576 107.0 188
281.8872 107.0 188
282.2333 107.0 188
282.5574 107.0 188
282.8870 107.0 188
283.2330 107.0 188
283.5571 107.0 188
283.8867 107.0 188
284.2163 107.0 188
284.4360 108.0 188
284.7656 108.0 188
285.0897 108.0 188
285.4358 108.0 188
285.7654 108.0 188
285.9796 109.0 188
286.3092 109.0 188
286.6388 109.0 188
286.9684 109.0 188
287.2925 109.0 188
287.6385 109.0 188
287.8583 110.0 188
288.1824 110.0 188
288.5120 110.0 188
288.7317 111.0 188
289.0613 111.0 188
289.3854 111.0 188
289.7150 111.0 188
289.9347 112.0 188
290.2643 112.0 188
290.6049 112.0 188
290.9344 112.0 188
291.1542 113.0 188
291.4838 113.0 188
291.8079 113.0 188
292.0276 114.0 188
292.3572 114.0 188
292.6868 114.0 188
292.9010 115.0 188
293.2306 115.0 188
293.5767 115.0 188
293.7964 116.0 188
294.1205 116.0 188
294.3896 117.0 188
294.7137 117.0 188
296.7792 135.0 188
296.9824 136.0 188
297.3230 136.0 188
297.6526 136.0 188
297.9822 136.0 188
298.3118 136.0 188
298.8116 134.0 188
299.3115 132.0 188
300.6354 136.0 188
300.9650 136.0 188
301.2341 137.0 188
301.5747 137.0 188
301.9043 137.0 188
302.2339 137.0 188
302.5140 138.0 188
302.8436 138.0 188
303.1677 138.0 188
303.3875 139.0 188
303.7170 139.0 188
303.9972 140.0 188
304.3268 140.0 188
304.5905 141.0 188
304.9365 141.0 188
305.2002 142.0 188
305.5298 142.0 188
305.7495 143.0 188
306.0736 143.0 188
306.3593 144.0 188
306.6394 145.0 188
306.9031 146.0 188
307.1832 147.0 188
307.4524 148.0 188
307.7325 149.0 188
307.9523 150.0 188
309.7650 153.0 188
320.4657 287.0 188
325.0580 256.0 188
325.4480 252.0 188
325.8875 248.0 188
326.1676 249.0 188
327.1674 249.0 188
328.7604 253.0 188
329.0460 256.0 188
329.6558 257.0 188
329.9799 257.0 188
330.3094 258.0 188
330.5896 260.0 188
330.9192 260.0 188
331.2488 261.0 188
331.8585 263.0 188
333.2922 296.0 188
333.5120 300.0 188
333.8416 303.0 188
334.1711 302.0 188
334.5612 297.0 188
335.2808 296.0 188
346.6681 163.0 188
347.1240 161.0 188
347.4481 161.0 188
347.8436 160.0 188
348.2172 159.0 188
348.5577 159.0 188
348.8873 159.0 188
349.2169 159.0 188
349.5465 159.0 188
349.8267 160.0 188
350.1563 160.0 188
350.4199 161.0 188
350.7605 161.0 188
351.0297 162.0 188
351.3098 163.0 188
351.6394 163.0 188
351.9196 164.0 188
352.8424 166.0 188
355.6549 283.0 188
356.0284 282.0 188
356.3745 282.0 188
