1.9995 341.0 188
2.3236 340.0 188
2.6532 340.0 188
2.9828 339.0 188
3.2959 337.0 188
3.6200 338.0 188
3.9496 340.0 188
4.2792 341.0 188
4.6088 340.0 188
4.9329 340.0 188
5.2625 341.0 188
5.5261 342.0 188
5.8557 343.0 188
6.1853 344.0 188
6.5149 345.0 188
6.8390 346.0 188
7.1082 349.0 188
7.4323 351.0 188
8.0310 353.0 188
8.5583 398.0 188
8.8275 406.0 188
9.4373 414.0 188
10.5304 403.0 188
15.0293 407.0 188
15.3094 411.0 188
15.6390 411.0 188
15.9686 412.0 188
16.2762 412.0 188
16.6058 413.0 188
16.9354 414.0 188
17.2650 415.0 188
17.5891 415.0 188
17.9187 416.0 188
18.1824 417.0 188
18.5120 417.0 188
18.8416 418.0 188
19.1711 419.0 188
19.4952 419.0 188
19.8248 420.0 188
20.1544 421.0 188
20.4675 422.0 188
20.7916 423.0 188
21.0773 424.0 188
21.4014 424.0 188
21.7145 425.0 188
22.0441 426.0 188
22.3737 427.0 188
22.6978 428.0 188
23.0273 428.0 188
23.3569 430.0 188
24.0106 431.0 188
28.4656 205.0 188
28.9655 201.0 188
29.4049 198.0 188
29.8389 195.0 188
30.2783 192.0 188
30.7178 189.0 188
31.1682 186.0 188
31.5417 184.0 188
31.9812 181.0 188
32.4207 179.0 188
32.8107 177.0 188
33.3105 174.0 188
33.6841 172.0 188
34.1235 170.0 188
34.5575 168.0 188
34.9969 166.0 188
35.3870 164.0 188
35.8264 162.0 188
36.2604 160.0 188
36.6559 159.0 188
37.0898 157.0 188
37.4634 156.0 188
37.9193 154.0 188
38.3588 152.0 188
38.7927 150.0 188
39.2322 149.0 188
39.6222 148.0 188
39.9957 147.0 188
40.4352 145.0 188
40.8746 143.0 188
41.3251 142.0 188
41.6986 141.0 188
42.0886 140.0 188
42.4677 139.0 188
42.9675 137.0 188
43.3411 136.0 188
43.7915 135.0 188
44.1705 134.0 188
44.5605 133.0 188
45.0000 132.0 188
45.3900 131.0 188
45.8240 130.0 188
46.2140 129.0 188
46.6534 128.0 188
46.9995 128.0 188
47.3730 127.0 188
47.8235 126.0 188
48.2025 125.0 188
48.5266 125.0 188
48.9825 124.0 188
49.3561 123.0 188
49.8120 122.0 188
50.2460 121.0 188
50.6360 120.0 188
51.0754 119.0 188
51.4050 119.0 188
51.8555 118.0 188
52.2949 117.0 188
52.6849 116.0 188
53.0145 116.0 188
53.4485 115.0 188
53.8879 114.0 188
54.2175 114.0 188
54.6680 113.0 188
55.1074 112.0 188
55.4370 112.0 188
55.8875 111.0 188
56.2170 111.0 188
56.6510 110.0 188
56.9806 110.0 188
57.3102 110.0 188
57.7496 109.0 188
58.0902 109.0 188
58.5297 108.0 188
58.8593 108.0 188
59.1833 108.0 188
59.6228 107.0 188
59.9634 107.0 188
60.2930 107.0 188
60.6226 107.0 188
61.0620 106.0 188
61.3861 106.0 188
61.7157 106.0 188
62.0453 106.0 188
62.5452 105.0 188
62.8748 105.0 188
63.5284 105.0 188
117.5757 105.0 188
118.0151 104.0 188
118.2294 105.0 188
118.5425 105.0 188
118.8721 105.0 188
119.2017 105.0 188
119.5313 105.0 188
119.8553 105.0 188
120.1849 105.0 188
120.5145 105.0 188
120.8386 105.0 188
120.9979 106.0 188
121.3275 106.0 188
121.6516 106.0 188
121.9812 106.0 188
122.2943 106.0 188
122.5140 107.0 188
122.8436 107.0 188
123.1677 107.0 188
123.4973 107.0 188
123.7006 108.0 188
124.0302 108.0 188
124.3542 108.0 188
124.5740 109.0 188
124.9036 109.0 188
125.1068 110.0 188
125.4364 110.0 188
125.7605 110.0 188
125.9802 111.0 188
126.3098 111.0 188
126.6229 111.0 188
126.8427 112.0 188
127.1667 112.0 188
127.3865 113.0 188
127.6996 113.0 188
127.9193 114.0 188
128.2489 114.0 188
128.4686 115.0 188
128.7927 115.0 188
128.9960 116.0 188
129.3256 116.0 188
129.5892 117.0 188
129.9188 117.0 188
130.1385 118.0 188
130.4681 118.0 188
130.6714 119.0 188
130.9955 119.0 188
131.2152 120.0 188
131.5448 120.0 188
131.8085 121.0 188
132.1381 121.0 188
132.3578 122.0 188
132.6874 122.0 188
132.8906 123.0 188
133.2147 123.0 188
133.4839 124.0 188
133.6981 125.0 188
134.0277 125.0 188
134.2969 126.0 188
134.6210 126.0 188
134.8407 127.0 188
135.1703 127.0 188
135.4340 128.0 188
135.7635 128.0 188
135.9668 129.0 188
136.2469 130.0 188
136.5765 130.0 188
136.7798 131.0 188
137.0599 132.0 188
137.3730 132.0 188
137.5928 133.0 188
137.8564 134.0 188
138.1860 134.0 188
138.4662 135.0 188
138.6694 136.0 188
138.9496 137.0 188
139.2792 137.0 188
139.5428 138.0 188
139.7626 139.0 188
140.0922 139.0 188
140.3558 140.0 188
140.6250 141.0 188
140.9052 142.0 188
141.1084 143.0 188
141.3885 144.0 188
141.6522 145.0 188
141.9818 145.0 188
142.2455 146.0 188
142.5311 147.0 188
142.7948 148.0 188
142.9486 150.0 188
143.2782 150.0 188
143.5419 151.0 188
143.8275 152.0 188
144.0912 153.0 188
144.3549 154.0 188
144.6405 155.0 188
144.9042 156.0 188
145.1678 157.0 188
145.3876 159.0 188
145.6512 160.0 188
145.9369 161.0 188
146.2006 162.0 188
146.4203 164.0 188
146.7499 165.0 188
147.0135 166.0 188
151.8860 189.0 188
161.1859 177.0 188
161.5155 177.0 188
161.8396 178.0 188
162.1088 179.0 188
164.6851 172.0 188
165.0146 173.0 188
165.2783 174.0 188
165.6079 174.0 188
165.9375 174.0 188
166.2616 174.0 188
166.5912 174.0 188
166.9208 174.0 188
167.3108 173.0 188
167.6404 173.0 188
167.9480 172.0 188
168.2776 172.0 188
168.6072 172.0 188
168.9368 172.0 188
169.3268 171.0 188
169.6509 171.0 188
169.9805 171.0 188
170.2936 171.0 188
170.6232 171.0 188
170.9528 171.0 188
171.2769 171.0 188
171.6064 171.0 188
171.9360 171.0 188
172.2656 171.0 188
172.5897 171.0 188
172.9193 171.0 188
173.2489 171.0 188
173.5730 171.0 188
173.9026 171.0 188
174.2157 171.0 188
174.5453 171.0 188
174.8749 171.0 188
175.1990 171.0 188
175.5286 171.0 188
175.8582 171.0 188
176.1823 171.0 188
176.5118 171.0 188
176.8414 171.0 188
177.1710 171.0 188
177.4951 171.0 188
177.8247 171.0 188
178.1378 171.0 188
178.4674 171.0 188
178.7915 171.0 188
179.1211 171.0 188
180.1044 171.0 188
183.2794 160.0 188
183.7299 158.0 188
185.0592 147.0 188
185.3888 147.0 188
185.7184 147.0 188
186.0425 147.0 188
186.3721 147.0 188
186.7017 147.0 188
187.0148 147.0 188
187.2949 148.0 188
187.6245 148.0 188
187.9486 148.0 188
188.2782 148.0 188
188.5913 148.0 188
188.8715 149.0 188
189.2010 149.0 188
189.5306 149.0 188
189.9042 148.0 188
190.2338 148.0 188
190.4974 149.0 188
190.8270 149.0 188
191.1511 149.0 188
191.4807 149.0 188
191.8103 149.0 188
192.0300 150.0 188
192.3541 150.0 188
192.6672 150.0 188
192.9968 150.0 188
193.3264 150.0 188
193.6066 151.0 188
193.9362 151.0 188
194.2493 151.0 188
194.5734 151.0 188
194.9030 151.0 188
195.1831 152.0 188
195.4962 152.0 188
195.8258 152.0 188
196.1060 153.0 188
196.4355 153.0 188
196.7487 153.0 188
197.0728 153.0 188
197.3584 154.0 188
197.6825 154.0 188
198.0121 154.0 188
198.3252 154.0 188
198.6053 155.0 188
198.9349 155.0 188
199.2645 155.0 188
199.5282 156.0 188
199.8578 156.0 188
200.1874 156.0 188
200.4510 157.0 188
200.7806 157.0 188
201.1047 157.0 188
201.3739 158.0 188
201.6980 158.0 188
202.0276 158.0 188
202.2968 159.0 188
202.6208 159.0 188
202.9010 160.0 188
203.2141 160.0 188
203.5437 160.0 188
203.8239 161.0 188
204.1534 161.0 188
204.4171 162.0 188
204.7467 162.0 188
205.0763 162.0 188
205.3400 163.0 188
205.6696 163.0 188
205.9332 164.0 188
206.2628 164.0 188
206.5924 165.0 188
206.8561 166.0 188
207.1857 166.0 188
207.4658 167.0 188
207.7789 167.0 188
208.1085 167.0 188
208.3887 168.0 188
208.7183 168.0 188
208.9819 169.0 188
209.2456 170.0 188
209.5752 170.0 188
209.9048 170.0 188
210.1685 171.0 188
210.4486 172.0 188
210.7782 172.0 188
211.0913 173.0 188
211.4209 173.0 188
211.7010 174.0 188
211.9647 175.0 188
212.2943 175.0 188
212.5580 176.0 188
212.8271 177.0 188
213.1512 177.0 188
213.4808 178.0 188
213.8104 178.0 188
214.0906 179.0 188
214.3542 180.0 188
214.6838 180.0 188
214.9530 181.0 188
215.2771 182.0 188
215.8704 183.0 188
220.7648 191.0 188
221.4185 192.0 188
230.3888 172.0 188
230.7623 171.0 188
231.1523 170.0 188
231.4819 170.0 188
231.8719 169.0 188
232.2620 168.0 188
232.6355 167.0 188
232.9651 167.0 188
233.3551 166.0 188
233.7451 165.0 188
234.0747 165.0 188
234.4043 164.0 188
234.7943 163.0 188
235.1239 163.0 188
235.5139 162.0 188
235.8875 161.0 188
236.2170 161.0 188
236.6071 160.0 188
236.9366 160.0 188
237.3267 159.0 188
237.7167 158.0 188
238.0463 158.0 188
238.4198 157.0 188
238.7604 157.0 188
239.0900 157.0 188
239.4635 156.0 188
239.7931 156.0 188
240.1831 155.0 188
240.5127 155.0 188
240.9027 154.0 188
241.2323 154.0 188
241.6223 153.0 188
241.9519 153.0 188
242.2760 153.0 188
242.6715 152.0 188
242.9956 152.0 188
243.3856 151.0 188
243.7152 151.0 188
244.0448 151.0 188
244.3744 151.0 188
244.7644 150.0 188
245.0885 150.0 188
245.5280 149.0 188
245.8575 149.0 188
246.2476 148.0 188
246.5771 148.0 188
246.9012 148.0 188
247.2308 148.0 188
247.5604 148.0 188
247.8900 148.0 188
248.2141 148.0 188
248.6041 147.0 188
248.9996 146.0 188
249.3237 146.0 188
249.6533 146.0 188
249.9829 146.0 188
250.3729 145.0 188
250.7025 145.0 188
251.0266 145.0 188
251.3562 145.0 188
251.7462 144.0 188
252.0758 144.0 188
252.4054 144.0 188
252.7295 144.0 188
253.0591 144.0 188
253.4491 143.0 188
253.7787 143.0 188
254.1083 143.0 188
254.4324 143.0 188
254.7620 143.0 188
255.0916 143.0 188
255.5420 142.0 188
255.8716 142.0 188
256.2012 142.0 188
256.5308 142.0 188
256.8549 142.0 188
257.1844 142.0 188
257.5140 142.0 188
257.8436 142.0 188
258.1677 142.0 188
258.5577 141.0 188
258.8873 141.0 188
259.2169 141.0 188
259.5465 141.0 188
259.8871 141.0 188
260.2167 141.0 188
260.5463 141.0 188
260.9198 140.0 188
261.2604 140.0 188
261.5900 140.0 188
261.9196 140.0 188
262.2491 140.0 188
262.5732 140.0 188
262.9028 140.0 188
263.2324 140.0 188
263.6224 139.0 188
263.9520 139.0 188
264.3860 138.0 188
264.7156 138.0 188
265.1056 137.0 188
265.4352 137.0 188
265.7648 137.0 188
266.0889 137.0 188
266.3580 138.0 188
266.6821 138.0 188
267.0776 137.0 188
267.4512 136.0 188
267.7808 136.0 188
268.1049 136.0 188
268.4344 136.0 188
268.7640 136.0 188
269.8572 135.0 188
270.8240 139.0 188
271.1041 140.0 188
271.4337 140.0 188
271.8073 139.0 188
272.1368 139.0 188
272.4664 139.0 188
272.7466 140.0 188
273.0103 141.0 188
273.3398 141.0 188
273.6694 141.0 188
273.9990 141.0 188
274.3231 141.0 188
274.6527 141.0 188
274.9823 141.0 188
275.3119 141.0 188
275.6360 141.0 188
275.9052 142.0 188
276.2292 142.0 188
276.5588 142.0 188
276.8884 142.0 188
277.2180 142.0 188
277.4323 143.0 188
277.7618 143.0 188
278.0914 143.0 188
278.4210 143.0 188
278.7451 143.0 188
279.0747 143.0 188
279.4043 143.0 188
279.6680 144.0 188
279.9976 144.0 188
280.3271 144.0 188
280.6512 144.0 188
280.9808 144.0 188
281.2500 145.0 188
281.5741 145.0 188
281.9037 145.0 188
282.2333 145.0 188
282.5134 146.0 188
282.8430 146.0 188
283.1671 146.0 188
283.4802 146.0 188
283.8098 146.0 188
284.0900 147.0 188
284.4196 147.0 188
284.6832 148.0 188
285.0128 148.0 188
285.3424 148.0 188
285.6665 148.0 188
285.9357 149.0 188
286.2653 149.0 188
286.5894 149.0 188
286.9189 149.0 188
287.2485 149.0 188
287.4683 150.0 188
287.7924 150.0 188
288.0615 151.0 188
288.3856 151.0 188
288.7152 151.0 188
288.9954 152.0 188
289.3250 152.0 188
289.6545 152.0 188
289.9182 153.0 188
290.2478 153.0 188
290.5774 153.0 188
290.9015 153.0 188
291.1707 154.0 188
291.4508 155.0 188
291.7804 155.0 188
292.1045 155.0 188
292.3737 156.0 188
292.6978 156.0 188
292.9669 157.0 188
293.2965 157.0 188
293.5767 158.0 188
293.9063 158.0 188
294.2303 158.0 188
294.4995 159.0 188
294.8236 159.0 188
295.1093 160.0 188
295.4333 160.0 188
295.7629 160.0 188
296.0266 161.0 188
296.3562 161.0 188
296.6199 162.0 188
296.9055 163.0 188
297.2296 163.0 188
297.4988 164.0 188
297.8229 164.0 188
298.1525 165.0 188
298.4821 165.0 188
298.7622 166.0 188
299.0918 166.0 188
299.3555 167.0 188
299.6246 168.0 188
299.9487 168.0 188
300.2344 169.0 188
300.5585 169.0 188
300.8276 170.0 188
301.1078 171.0 188
301.4374 171.0 188
301.7010 172.0 188
302.0306 173.0 188
302.3547 173.0 188
302.6404 174.0 188
302.9041 175.0 188
303.2336 175.0 188
303.4973 176.0 188
303.7775 177.0 188
304.1071 177.0 188
304.4366 178.0 188
304.7003 179.0 188
304.9805 180.0 188
305.2496 181.0 188
305.5737 181.0 188
305.9033 182.0 188
306.1835 183.0 188
306.5131 183.0 188
306.7767 184.0 188
307.0459 185.0 188
307.3700 186.0 188
318.2135 186.0 188
319.2023 186.0 188
319.9658 183.0 188
320.3558 182.0 188
320.6854 182.0 188
321.0150 181.0 188
321.4050 180.0 188
321.8390 177.0 188
322.2290 176.0 188
322.4982 177.0 188
322.8278 177.0 188
323.4814 177.0 188
324.4647 178.0 188
325.1074 185.0 188
325.5469 183.0 188
325.9369 181.0 188
326.2610 181.0 188
326.5906 182.0 188
326.9202 182.0 188
327.1838 183.0 188
327.5134 183.0 188
327.7771 184.0 188
328.1067 184.0 188
328.3704 185.0 188
328.7000 186.0 188
328.9801 187.0 188
329.2493 188.0 188
329.5734 189.0 188
329.8425 190.0 188
330.1062 191.0 188
330.4358 192.0 188
330.6555 194.0 188
330.9192 196.0 188
331.1993 198.0 188
331.5289 198.0 188
332.9956 250.0 188
333.2813 251.0 188
333.5889 251.0 188
333.9185 252.0 188
334.2480 252.0 188
334.5776 253.0 188
334.9017 253.0 188
335.1709 254.0 188
335.4950 254.0 188
335.8246 255.0 188
336.1542 256.0 188
336.4838 256.0 188
336.7474 257.0 188
337.0770 257.0 188
337.4011 258.0 188
337.6868 259.0 188
338.6536 260.0 188
339.5764 262.0 188
341.8231 355.0 188
342.0428 362.0 188
342.3724 364.0 188
343.0261 365.0 188
343.6853 367.0 188
343.9490 371.0 188
344.2181 373.0 188
344.5422 374.0 188
344.8718 375.0 188
345.2014 376.0 188
345.5310 377.0 188
345.8551 378.0 188
346.1847 378.0 188
346.4484 380.0 188
346.7780 381.0 188
347.1075 382.0 188
347.4371 384.0 188
347.7008 388.0 188
347.9810 392.0 188
348.2941 394.0 188
348.6237 394.0 188
348.9478 391.0 188
349.3433 389.0 188
349.6674 388.0 188
349.9969 389.0 188
350.3265 390.0 188
350.6396 389.0 188
350.9637 388.0 188
351.6229 389.0 188
351.9031 391.0 188
352.5458 394.0 188
354.3091 323.0 188
