1.0602 216.0 188
1.4502 215.0 188
1.8402 213.0 188
2.1698 212.0 188
2.5598 211.0 188
2.9059 211.0 188
3.1696 212.0 188
3.4991 212.0 188
3.8397 212.0 188
4.1693 212.0 188
4.4989 212.0 188
4.8230 212.0 188
5.1691 213.0 188
5.4987 213.0 188
5.8228 213.0 188
6.1523 213.0 188
6.4984 213.0 188
6.7621 214.0 188
7.1082 214.0 188
7.4323 214.0 188
7.7618 214.0 188
8.0914 215.0 188
8.4375 215.0 188
8.7616 215.0 188
9.0912 215.0 188
9.4208 215.0 188
9.7009 216.0 188
10.0305 216.0 188
10.3546 217.0 188
10.7007 217.0 188
11.0303 217.0 188
11.3544 217.0 188
11.6400 218.0 188
11.9641 218.0 188
12.2937 218.0 188
12.6398 219.0 188
12.9639 219.0 188
13.2935 219.0 188
13.5736 220.0 188
13.9032 220.0 188
14.2328 221.0 188
14.5624 221.0 188
14.8425 222.0 188
15.1666 222.0 188
15.5127 223.0 188
15.8423 223.0 188
16.1224 224.0 188
16.4520 224.0 188
16.7761 225.0 188
20.6543 228.0 188
31.5912 172.0 188
31.9812 171.0 188
32.4371 169.0 188
32.8711 167.0 188
33.3270 165.0 188
33.6511 164.0 188
34.1071 162.0 188
34.4806 161.0 188
34.8706 160.0 188
35.3265 158.0 188
35.7166 157.0 188
36.1560 155.0 188
36.5460 154.0 188
36.9360 153.0 188
37.3260 152.0 188
37.7161 151.0 188
38.1061 150.0 188
38.6060 148.0 188
38.9960 147.0 188
39.3860 146.0 188
39.7760 145.0 188
40.1715 144.0 188
40.5615 143.0 188
40.9955 142.0 188
41.3855 141.0 188
41.7810 140.0 188
42.1710 139.0 188
42.6215 138.0 188
42.9510 138.0 188
43.3905 136.0 188
43.8409 135.0 188
44.1705 135.0 188
44.5605 134.0 188
44.9506 133.0 188
45.4010 132.0 188
45.7306 132.0 188
46.1206 131.0 188
46.5765 130.0 188
46.9501 129.0 188
47.4060 128.0 188
47.7301 128.0 188
48.1201 127.0 188
48.4662 127.0 188
48.9056 126.0 188
49.2297 126.0 188
49.6198 125.0 188
50.0757 124.0 188
50.4053 124.0 188
50.7953 123.0 188
51.1359 123.0 188
51.5753 122.0 188
52.0313 121.0 188
52.3553 121.0 188
52.7454 120.0 188
53.0750 120.0 188
53.5309 119.0 188
53.8550 119.0 188
54.3109 118.0 188
54.6405 118.0 188
55.0909 117.0 188
55.4205 117.0 188
55.8105 116.0 188
56.1401 116.0 188
56.5906 115.0 188
56.9202 115.0 188
57.3706 114.0 188
57.7002 114.0 188
58.0298 114.0 188
58.4802 113.0 188
58.8098 113.0 188
59.2603 112.0 188
59.5898 112.0 188
59.9194 112.0 188
60.2655 112.0 188
60.6995 111.0 188
61.0291 111.0 188
61.4795 110.0 188
61.8091 110.0 188
62.1552 110.0 188
62.4792 110.0 188
62.9352 109.0 188
63.2648 109.0 188
63.5889 109.0 188
63.9185 109.0 188
64.3744 108.0 188
64.6985 108.0 188
65.0446 108.0 188
65.3741 108.0 188
65.6982 108.0 188
66.0443 108.0 188
66.3739 108.0 188
66.8243 107.0 188
67.1539 107.0 188
67.5000 107.0 188
67.8241 107.0 188
68.1537 107.0 188
68.4998 107.0 188
68.8239 107.0 188
69.2798 106.0 188
69.6094 106.0 188
69.9335 106.0 188
70.2795 106.0 188
70.6091 106.0 188
70.9497 106.0 188
71.2793 106.0 188
71.6089 106.0 188
72.6086 106.0 188
74.0424 108.0 188
74.3884 108.0 188
74.8389 107.0 188
75.2783 106.0 188
75.6244 106.0 188
76.1243 105.0 188
76.4484 105.0 188
76.7944 105.0 188
77.1240 105.0 188
77.4646 105.0 188
77.7942 105.0 188
78.1238 105.0 188
78.4644 105.0 188
78.7939 105.0 188
79.1235 105.0 188
79.4641 105.0 188
79.7937 105.0 188
80.1233 105.0 188
80.4639 105.0 188
80.7935 105.0 188
81.2494 104.0 188
81.5735 104.0 188
81.9196 104.0 188
82.2491 104.0 188
82.5732 104.0 188
82.9193 104.0 188
83.2489 104.0 188
83.5730 104.0 188
83.9191 104.0 188
84.2487 104.0 188
84.9188 104.0 188
85.2484 104.0 188
85.5890 104.0 188
85.9186 104.0 188
86.9183 104.0 188
88.9178 104.0 188
89.9176 104.0 188
91.2634 104.0 188
91.5930 104.0 188
91.9171 104.0 188
92.5928 104.0 188
92.9333 104.0 188
93.2629 104.0 188
93.5925 104.0 188
93.9331 104.0 188
94.2627 104.0 188
94.5923 104.0 188
94.9329 104.0 188
95.2625 104.0 188
95.6085 104.0 188
95.9326 104.0 188
96.2622 104.0 188
96.6083 104.0 188
96.8280 105.0 188
97.2620 104.0 188
97.6080 104.0 188
97.8278 105.0 188
98.1519 105.0 188
98.4814 105.0 188
98.8275 105.0 188
99.1516 105.0 188
99.4812 105.0 188
99.8108 105.0 188
100.1514 105.0 188
100.4810 105.0 188
100.8105 105.0 188
101.1511 105.0 188
101.4807 105.0 188
101.8103 105.0 188
102.1399 105.0 188
102.4805 105.0 188
102.8101 105.0 188
103.1396 105.0 188
103.3099 106.0 188
103.6395 106.0 188
103.9636 106.0 188
104.2932 106.0 188
104.6393 106.0 188
104.9634 106.0 188
105.2930 106.0 188
105.6226 106.0 188
105.9686 106.0 188
106.2927 106.0 188
106.6223 106.0 188
106.8420 107.0 188
107.1826 107.0 188
107.5122 107.0 188
107.8418 107.0 188
108.1714 107.0 188
108.5120 107.0 188
108.8416 107.0 188
109.0613 108.0 188
109.3854 108.0 188
109.7150 108.0 188
110.0610 108.0 188
110.3906 108.0 188
110.6049 109.0 188
110.9344 109.0 188
111.2640 109.0 188
111.6046 109.0 188
111.8243 110.0 188
112.1539 110.0 188
112.4835 110.0 188
112.8241 110.0 188
113.0438 111.0 188
113.3734 111.0 188
113.7030 111.0 188
113.9172 112.0 188
114.2468 112.0 188
114.5929 112.0 188
114.9170 112.0 188
115.1367 113.0 188
115.4663 113.0 188
115.6860 114.0 188
116.0156 114.0 188
116.3562 114.0 188
116.6858 114.0 188
116.9055 115.0 188
117.2296 115.0 188
117.4493 116.0 188
117.7789 116.0 188
118.1250 116.0 188
118.3887 117.0 188
118.7292 117.0 188
119.0588 117.0 188
119.2786 118.0 188
119.6082 118.0 188
119.8279 119.0 188
120.1520 119.0 188
120.3717 120.0 188
120.7178 120.0 188
120.9814 121.0 188
121.3275 121.0 188
121.6516 121.0 188
121.8713 122.0 188
122.2009 122.0 188
122.4207 123.0 188
122.7448 123.0 188
123.0304 124.0 188
123.3545 124.0 188
123.7006 124.0 188
123.9203 125.0 188
124.2499 125.0 188
124.5135 126.0 188
124.8541 126.0 188
125.0739 127.0 188
125.4034 127.0 188
125.6836 128.0 188
126.0132 128.0 188
126.2329 129.0 188
126.5625 129.0 188
126.8427 130.0 188
127.1667 130.0 188
127.3865 131.0 188
127.7161 131.0 188
127.9962 132.0 188
128.2159 133.0 188
128.5455 133.0 188
128.8257 134.0 188
129.1553 134.0 188
129.4354 135.0 188
129.7650 135.0 188
129.9792 136.0 188
130.5890 137.0 188
131.0889 135.0 188
131.8744 133.0 188
135.2307 137.0 188
135.5109 138.0 188
135.8405 138.0 188
136.1700 138.0 188
136.3898 139.0 188
136.7139 139.0 188
136.9995 140.0 188
137.3236 140.0 188
137.6093 141.0 188
137.9333 141.0 188
138.2135 142.0 188
138.5431 142.0 188
138.7628 143.0 188
139.0924 143.0 188
139.4165 143.0 188
139.7021 144.0 188
139.9823 145.0 188
140.3119 145.0 188
140.5756 146.0 188
140.9216 146.0 188
141.1853 147.0 188
141.5149 147.0 188
141.7950 148.0 188
142.0752 149.0 188
142.4048 149.0 188
142.6245 150.0 188
142.9486 150.0 188
143.2343 151.0 188
143.4979 152.0 188
143.8385 152.0 188
144.1077 153.0 188
144.3878 154.0 188
144.7174 154.0 188
144.9976 155.0 188
145.2612 156.0 188
145.5469 157.0 188
145.8710 157.0 188
146.1511 158.0 188
146.4203 159.0 188
146.7004 160.0 188
147.0300 160.0 188
147.3102 161.0 188
147.5739 162.0 188
147.8540 163.0 188
148.1396 164.0 188
148.4637 165.0 188
148.7933 165.0 188
149.0735 166.0 188
149.3427 167.0 188
149.6228 168.0 188
149.9030 169.0 188
150.1666 170.0 188
150.4523 171.0 188
150.7324 172.0 188
151.0620 173.0 188
151.3257 174.0 188
151.6058 175.0 188
151.8256 177.0 188
152.1552 178.0 188
152.4792 178.0 188
152.7649 179.0 188
152.9791 181.0 188
153.3087 182.0 188
153.5889 183.0 188
153.8745 184.0 188
154.1382 185.0 188
154.4183 187.0 188
154.6985 188.0 188
155.0281 189.0 188
155.2917 190.0 188
155.5774 192.0 188
155.8575 193.0 188
156.1212 194.0 188
156.4014 196.0 188
156.6870 197.0 188
156.9507 199.0 188
157.2308 200.0 188
157.5000 202.0 188
157.8406 203.0 188
158.0603 205.0 188
158.3899 206.0 188
158.6536 208.0 188
158.9337 210.0 188
159.2139 211.0 188
159.4830 213.0 188
159.7632 214.0 188
160.0433 216.0 188
160.3125 218.0 188
160.5927 220.0 188
160.8728 222.0 188
161.1365 224.0 188
161.4166 226.0 188
161.7462 227.0 188
161.9659 230.0 188
162.2461 232.0 188
162.5757 234.0 188
162.8558 236.0 188
163.0756 239.0 188
163.4052 240.0 188
163.6688 243.0 188
163.9490 245.0 188
164.2291 248.0 188
164.4489 251.0 188
164.7784 253.0 188
165.0586 255.0 188
165.3278 258.0 188
165.6079 261.0 188
166.5417 263.0 188
176.6986 311.0 188
176.9183 316.0 188
177.2479 316.0 188
177.6379 314.0 188
177.9675 314.0 188
178.3081 314.0 188
178.6377 315.0 188
178.9673 315.0 188
179.2474 316.0 188
179.5770 318.0 188
183.3893 332.0 188
184.3890 328.0 188
184.7791 325.0 188
185.1086 324.0 188
185.4327 324.0 188
185.7623 324.0 188
186.0919 325.0 188
186.4325 325.0 188
186.7621 325.0 188
187.0917 326.0 188
187.4213 326.0 188
187.7618 327.0 188
188.0310 329.0 188
188.3551 330.0 188
188.7012 331.0 188
189.0308 332.0 188
189.2944 334.0 188
190.2942 336.0 188
191.1237 381.0 188
191.4478 381.0 188
191.8433 374.0 188
193.1671 374.0 188
193.4967 377.0 188
193.7604 379.0 188
194.7656 381.0 188
196.4685 413.0 188
199.4513 413.0 188
200.1215 410.0 188
200.5115 407.0 188
200.7806 411.0 188
201.1212 412.0 188
201.4508 414.0 188
201.7804 415.0 188
202.1045 414.0 188
202.4341 414.0 188
203.1042 415.0 188
203.3734 418.0 188
203.7140 419.0 188
204.0436 420.0 188
204.3732 420.0 188
204.7028 421.0 188
205.3729 423.0 188
209.8389 204.0 188
210.2948 201.0 188
210.7343 198.0 188
211.1847 195.0 188
211.5582 193.0 188
212.0142 190.0 188
212.4042 188.0 188
212.8436 186.0 188
213.2336 184.0 188
213.6676 182.0 188
214.0576 180.0 188
214.5135 178.0 188
214.9036 176.0 188
215.3430 174.0 188
215.7330 172.0 188
216.1670 170.0 188
216.6229 168.0 188
217.0624 166.0 188
217.4524 165.0 188
217.8424 163.0 188
218.2324 162.0 188
218.6060 161.0 188
219.0619 159.0 188
219.4958 157.0 188
219.8859 156.0 188
220.2759 155.0 188
220.7318 153.0 188
221.1053 152.0 188
221.4954 151.0 188
222.0117 149.0 188
222.3853 148.0 188
222.7808 147.0 188
223.1708 146.0 188
223.5608 145.0 188
223.9508 144.0 188
224.3408 143.0 188
224.8407 141.0 188
225.2307 140.0 188
225.5768 140.0 188
226.0767 138.0 188
226.4667 137.0 188
226.8567 136.0 188
227.1863 136.0 188
227.6367 135.0 188
228.0267 134.0 188
228.4167 133.0 188
228.8562 132.0 188
229.2462 131.0 188
229.5758 131.0 188
230.0262 130.0 188
230.4218 129.0 188
230.7458 129.0 188
231.0919 129.0 188
231.4215 129.0 188
231.7456 129.0 188
232.0313 130.0 188
232.4213 129.0 188
232.8552 128.0 188
233.2452 127.0 188
233.7012 126.0 188
234.0912 125.0 188
234.5416 124.0 188
234.8712 124.0 188
235.2612 123.0 188
235.5908 123.0 188
236.0468 122.0 188
236.3708 122.0 188
236.8268 121.0 188
237.2168 120.0 188
237.5464 120.0 188
237.9968 119.0 188
238.3264 119.0 188
238.7769 118.0 188
239.1064 118.0 188
239.5459 117.0 188
239.8865 117.0 188
240.2765 116.0 188
240.6061 116.0 188
241.0620 115.0 188
241.3861 115.0 188
241.8420 114.0 188
242.1716 114.0 188
242.4957 114.0 188
242.9517 113.0 188
243.4021 112.0 188
243.7317 112.0 188
244.0613 112.0 188
244.3854 112.0 188
244.8413 111.0 188
245.1709 111.0 188
245.6213 110.0 188
245.9509 110.0 188
246.2915 110.0 188
246.7310 109.0 188
247.0770 109.0 188
247.4011 109.0 188
247.7307 109.0 188
248.1866 108.0 188
248.5107 108.0 188
248.8568 108.0 188
249.1864 108.0 188
249.6368 107.0 188
249.9664 107.0 188
250.2960 107.0 188
250.6201 107.0 188
250.9662 107.0 188
251.2958 107.0 188
251.6199 107.0 188
252.0758 106.0 188
252.4054 106.0 188
252.7460 106.0 188
253.0756 106.0 188
253.4052 106.0 188
253.7457 106.0 188
254.2456 105.0 188
254.5752 105.0 188
254.9213 105.0 188
255.2454 105.0 188
255.5750 105.0 188
255.9210 105.0 188
256.2451 105.0 188
256.5747 105.0 188
256.9043 105.0 188
257.2449 105.0 188
257.5745 105.0 188
257.9041 105.0 188
258.2446 105.0 188
258.5742 105.0 188
258.9038 105.0 188
259.2499 105.0 188
259.5740 105.0 188
259.9036 105.0 188
260.3540 104.0 188
261.3593 104.0 188
265.3418 126.0 188
265.8582 124.0 188
266.3580 122.0 188
266.8085 121.0 188
267.1985 120.0 188
267.6379 119.0 188
268.0884 118.0 188
268.4180 118.0 188
268.8739 117.0 188
269.2639 116.0 188
269.5935 116.0 188
270.0439 115.0 188
270.4834 114.0 188
270.9338 113.0 188
271.3898 112.0 188
271.8237 111.0 188
272.2797 110.0 188
272.7301 109.0 188
273.0597 109.0 188
273.3893 109.0 188
273.7299 109.0 188
274.0594 109.0 188
274.5154 108.0 188
274.8395 108.0 188
275.1691 108.0 188
275.5151 108.0 188
275.9491 107.0 188
276.2952 107.0 188
276.6248 107.0 188
277.0752 106.0 188
278.6243 107.0 188
278.8385 108.0 188
279.1681 108.0 188
279.3878 109.0 188
279.7339 109.0 188
280.1678 108.0 188
280.3876 109.0 188
280.7336 109.0 188
281.0577 109.0 188
281.3873 109.0 188
281.7334 109.0 188
281.9531 110.0 188
282.2772 110.0 188
282.6068 110.0 188
282.8265 111.0 188
283.1671 111.0 188
283.4967 111.0 188
283.7164 112.0 188
284.0460 112.0 188
284.2603 113.0 188
284.6063 113.0 188
284.8260 114.0 188
285.1556 114.0 188
286.0455 115.0 188
286.1993 117.0 188
286.5289 117.0 188
286.7487 118.0 188
287.6385 119.0 188
291.8738 191.0 188
292.1979 192.0 188
292.4835 193.0 188
292.8076 193.0 188
293.0933 194.0 188
293.4174 194.0 188
293.7634 195.0 188
294.0930 195.0 188
294.4171 195.0 188
294.7467 195.0 188
295.0269 196.0 188
295.3125 197.0 188
295.6366 197.0 188
295.9662 198.0 188
296.3123 198.0 188
296.6364 198.0 188
296.9165 199.0 188
297.2461 199.0 188
297.5262 200.0 188
297.8558 201.0 188
298.1854 201.0 188
298.4656 202.0 188
298.7952 202.0 188
299.1357 203.0 188
299.4653 203.0 188
299.7455 204.0 188
300.0146 205.0 188
300.3552 205.0 188
300.6848 206.0 188
301.0144 206.0 188
301.2946 207.0 188
301.6241 208.0 188
301.9482 208.0 188
302.2339 209.0 188
302.5745 210.0 188
303.1677 211.0 188
303.4479 212.0 188
303.7775 213.0 188
304.0576 214.0 188
304.4037 215.0 188
313.3740 240.0 188
313.6981 240.0 188
317.9333 197.0 188
318.3234 196.0 188
318.9990 196.0 188
319.6088 197.0 188
319.9988 196.0 188
320.9985 187.0 188
321.2787 188.0 188
322.2784 189.0 188
323.7616 202.0 188
324.1516 200.0 188
324.6515 196.0 188
325.0415 195.0 188
325.3271 196.0 188
325.6512 196.0 188
325.9973 196.0 188
326.2610 197.0 188
326.6071 198.0 188
326.8707 199.0 188
327.2168 199.0 188
327.4805 200.0 188
327.8265 201.0 188
328.7604 203.0 188
330.1831 232.0 188
330.5292 234.0 188
330.7489 237.0 188
331.0291 240.0 188
331.8585 232.0 188
349.7333 202.0 188
