359.7803 285.0 188
4.7296 263.0 188
5.0592 263.0 188
5.3888 262.0 188
5.7623 261.0 188
6.0919 259.0 188
6.4655 258.0 188
6.6852 262.0 188
7.0148 264.0 188
7.3389 264.0 188
7.6520 264.0 188
7.9816 264.0 188
8.3112 264.0 188
8.5748 265.0 188
8.9044 265.0 188
9.2340 266.0 188
9.5581 267.0 188
9.8273 268.0 188
10.1514 269.0 188
10.4810 270.0 188
10.7446 272.0 188
11.0138 274.0 188
11.3434 276.0 188
11.6071 278.0 188
12.5739 323.0 188
12.8430 327.0 188
13.1067 329.0 188
13.4363 328.0 188
13.8098 327.0 188
14.7931 327.0 188
21.8243 341.0 188
22.1045 342.0 188
22.4341 343.0 188
22.7637 344.0 188
23.0933 345.0 188
23.4174 346.0 188
23.6865 347.0 188
24.0106 347.0 188
24.3402 348.0 188
24.6698 349.0 188
24.9994 350.0 188
25.3235 351.0 188
25.6531 351.0 188
25.9167 352.0 188
26.2463 353.0 188
26.5759 354.0 188
26.9055 355.0 188
27.2296 356.0 188
27.4988 357.0 188
27.8229 358.0 188
28.1525 360.0 188
28.4821 360.0 188
28.7622 362.0 188
29.0918 363.0 188
29.4214 364.0 188
29.7455 365.0 188
30.0586 366.0 188
30.3882 367.0 188
30.6683 368.0 188
30.9979 369.0 188
31.3275 370.0 188
31.6516 372.0 188
31.9208 373.0 188
32.2449 374.0 188
32.5745 375.0 188
32.9041 377.0 188
33.2336 378.0 188
33.4973 380.0 188
33.8269 381.0 188
34.1510 382.0 188
34.4806 384.0 188
34.7498 385.0 188
35.0739 386.0 188
35.4034 388.0 188
35.7330 390.0 188
36.0132 391.0 188
36.3428 393.0 188
36.6669 395.0 188
36.9360 397.0 188
37.2656 398.0 188
37.5897 401.0 188
38.5730 402.0 188
44.6869 155.0 188
45.1208 153.0 188
45.5109 152.0 188
45.9009 151.0 188
46.3898 149.0 188
46.7798 148.0 188
47.1698 147.0 188
47.5433 146.0 188
47.9333 145.0 188
48.3124 144.0 188
48.7024 143.0 188
49.1364 142.0 188
49.5264 141.0 188
49.9054 140.0 188
50.2954 139.0 188
50.7294 138.0 188
51.0590 138.0 188
51.4490 137.0 188
51.8280 136.0 188
52.2784 135.0 188
52.6520 134.0 188
52.9816 134.0 188
53.3716 133.0 188
53.8110 132.0 188
54.2010 131.0 188
54.5306 131.0 188
54.9646 130.0 188
55.3546 129.0 188
55.6842 129.0 188
56.1237 128.0 188
56.5137 127.0 188
56.9531 126.0 188
57.2772 126.0 188
57.6068 126.0 188
57.9968 125.0 188
58.3264 125.0 188
58.7604 124.0 188
59.1559 123.0 188
59.4800 123.0 188
59.8096 123.0 188
60.2490 122.0 188
60.5731 122.0 188
61.0126 121.0 188
61.3422 121.0 188
61.7322 120.0 188
62.0618 120.0 188
62.4957 119.0 188
62.8253 119.0 188
63.2648 118.0 188
63.5889 118.0 188
64.0448 117.0 188
64.3744 117.0 188
64.6985 117.0 188
65.0775 116.0 188
65.4016 116.0 188
65.8575 115.0 188
66.1871 115.0 188
66.5112 115.0 188
66.9507 114.0 188
67.2803 114.0 188
67.6044 114.0 188
68.0438 113.0 188
68.3734 113.0 188
68.8239 112.0 188
69.1534 112.0 188
69.4830 112.0 188
69.8071 112.0 188
70.2466 111.0 188
70.5762 111.0 188
70.9058 111.0 188
71.2299 111.0 188
71.6693 110.0 188
71.9989 110.0 188
72.3230 110.0 188
72.6526 110.0 188
73.1085 109.0 188
73.4326 109.0 188
73.7622 109.0 188
74.0918 109.0 188
74.5313 108.0 188
74.8553 108.0 188
75.1849 108.0 188
75.5145 108.0 188
75.8386 108.0 188
76.1682 108.0 188
76.4978 108.0 188
76.9373 107.0 188
77.2614 107.0 188
77.5909 107.0 188
77.9205 107.0 188
78.2446 107.0 188
78.5742 107.0 188
78.9038 107.0 188
79.2334 107.0 188
79.5575 107.0 188
79.8871 107.0 188
80.3430 106.0 188
80.6671 106.0 188
80.9967 106.0 188
81.3263 106.0 188
81.6559 106.0 188
81.9800 106.0 188
82.3096 106.0 188
82.6392 106.0 188
82.9688 106.0 188
83.2928 106.0 188
83.6224 106.0 188
83.9520 106.0 188
84.2761 106.0 188
84.6057 106.0 188
84.9353 106.0 188
85.2649 106.0 188
85.5890 106.0 188
85.9186 106.0 188
86.2482 106.0 188
86.7316 105.0 188
87.0612 105.0 188
87.3853 105.0 188
87.7148 105.0 188
88.0444 105.0 188
88.3740 105.0 188
88.6981 105.0 188
89.0277 105.0 188
89.3573 105.0 188
89.6869 105.0 188
90.0110 105.0 188
90.3241 105.0 188
90.6537 105.0 188
90.9833 105.0 188
91.3074 105.0 188
91.6370 105.0 188
91.9666 105.0 188
92.2961 105.0 188
92.6202 105.0 188
92.9498 105.0 188
93.2794 105.0 188
93.6090 105.0 188
93.9166 105.0 188
94.2462 105.0 188
94.5758 105.0 188
94.9054 105.0 188
95.2295 105.0 188
95.5591 105.0 188
95.8887 105.0 188
96.2183 105.0 188
96.5424 105.0 188
96.8719 105.0 188
97.1851 105.0 188
97.5146 105.0 188
97.6685 106.0 188
98.1683 105.0 188
98.4979 105.0 188
98.6517 106.0 188
98.9813 106.0 188
99.3109 106.0 188
99.6405 106.0 188
99.9646 106.0 188
100.2942 106.0 188
100.6073 106.0 188
100.9369 106.0 188
101.2610 106.0 188
101.5906 106.0 188
101.9202 106.0 188
102.2498 106.0 188
102.5739 106.0 188
102.9034 106.0 188
103.1067 107.0 188
103.4363 107.0 188
103.7604 107.0 188
104.0900 107.0 188
104.4196 107.0 188
104.7491 107.0 188
105.0732 107.0 188
105.4028 107.0 188
105.6061 108.0 188
105.9357 108.0 188
106.2653 108.0 188
106.5894 108.0 188
106.9189 108.0 188
107.2485 108.0 188
107.5781 108.0 188
107.7759 109.0 188
108.1055 109.0 188
108.4351 109.0 188
108.7646 109.0 188
109.0887 109.0 188
109.4183 109.0 188
109.7479 109.0 188
110.0775 109.0 188
110.2808 110.0 188
110.6049 110.0 188
110.9344 110.0 188
111.2640 110.0 188
111.5936 110.0 188
111.9177 110.0 188
112.1210 111.0 188
112.4506 111.0 188
112.7802 111.0 188
113.1042 111.0 188
113.3240 112.0 188
113.6371 112.0 188
113.9667 112.0 188
114.2963 112.0 188
114.5105 113.0 188
114.8401 113.0 188
115.1697 113.0 188
115.3729 114.0 188
115.7025 114.0 188
116.0266 114.0 188
116.2463 115.0 188
116.5759 115.0 188
116.9055 115.0 188
117.1088 116.0 188
117.4329 116.0 188
117.7625 116.0 188
118.0261 117.0 188
118.3557 117.0 188
118.6853 117.0 188
118.9050 118.0 188
119.2291 118.0 188
119.4324 119.0 188
119.7620 119.0 188
120.0916 119.0 188
120.3113 120.0 188
120.6354 120.0 188
120.9045 121.0 188
121.2341 121.0 188
121.5582 121.0 188
121.7780 122.0 188
122.1075 122.0 188
122.4371 122.0 188
122.6404 123.0 188
122.9645 123.0 188
123.2336 124.0 188
123.5577 124.0 188
123.8873 124.0 188
124.1071 125.0 188
124.4366 125.0 188
124.7003 126.0 188
125.0299 126.0 188
125.3540 126.0 188
125.5737 127.0 188
125.9033 127.0 188
126.1670 128.0 188
126.4966 128.0 188
126.6998 129.0 188
127.0294 129.0 188
127.3096 130.0 188
127.6392 130.0 188
127.8424 131.0 188
128.1226 132.0 188
128.4521 132.0 188
128.7653 132.0 188
128.9795 133.0 188
129.3091 133.0 188
129.5728 134.0 188
129.9023 134.0 188
130.1825 135.0 188
130.5121 135.0 188
130.7153 136.0 188
131.0449 136.0 188
131.3086 137.0 188
131.6382 137.0 188
131.9183 138.0 188
132.1216 139.0 188
132.4512 139.0 188
132.7313 140.0 188
132.9950 141.0 188
133.3246 141.0 188
133.5938 142.0 188
133.8080 143.0 188
134.1376 143.0 188
134.4012 144.0 188
134.6704 145.0 188
134.9506 146.0 188
135.2802 146.0 188
135.5438 147.0 188
135.8075 148.0 188
136.0931 149.0 188
136.4063 149.0 188
136.6205 150.0 188
136.8896 151.0 188
137.2137 151.0 188
137.4994 152.0 188
137.7026 154.0 188
138.0267 154.0 188
138.3124 155.0 188
138.5760 156.0 188
138.8397 157.0 188
139.1199 158.0 188
139.4495 158.0 188
139.7186 159.0 188
139.9823 160.0 188
140.2460 161.0 188
140.5261 162.0 188
140.7953 163.0 188
141.0590 164.0 188
141.3885 165.0 188
141.6687 166.0 188
141.9324 167.0 188
142.2015 168.0 188
142.4817 169.0 188
142.7454 170.0 188
143.0145 171.0 188
143.2947 172.0 188
143.6243 173.0 188
143.8275 175.0 188
144.0912 176.0 188
144.3713 177.0 188
144.7009 178.0 188
144.9646 179.0 188
145.2338 180.0 188
145.4974 182.0 188
145.7776 183.0 188
146.0468 184.0 188
146.3104 186.0 188
146.5741 187.0 188
146.8542 188.0 188
147.1838 189.0 188
147.3871 191.0 188
147.7167 192.0 188
147.9364 194.0 188
148.2001 196.0 188
148.4637 197.0 188
148.7933 198.0 188
149.0131 200.0 188
149.2767 202.0 188
149.6063 203.0 188
149.8700 204.0 188
150.1392 206.0 188
150.4193 208.0 188
150.6830 210.0 188
150.9027 212.0 188
151.1719 214.0 188
151.4960 215.0 188
151.7651 216.0 188
152.3584 219.0 188
156.2805 218.0 188
158.1372 263.0 188
164.8883 252.0 188
165.2179 253.0 188
165.4816 254.0 188
165.8112 254.0 188
166.1353 254.0 188
166.4648 254.0 188
167.1240 255.0 188
167.7612 255.0 188
168.1512 253.0 188
168.4808 251.0 188
168.8104 251.0 188
169.1400 251.0 188
169.4531 252.0 188
169.7772 252.0 188
170.1068 251.0 188
170.4364 251.0 188
170.7605 251.0 188
171.0901 251.0 188
171.4197 251.0 188
171.7493 251.0 188
172.0624 251.0 188
172.3865 251.0 188
172.7161 251.0 188
173.0457 251.0 188
173.3698 251.0 188
173.6829 252.0 188
174.0125 251.0 188
174.3420 251.0 188
174.6716 251.0 188
174.9957 251.0 188
175.3088 251.0 188
175.6384 251.0 188
175.9680 251.0 188
176.2921 251.0 188
176.9348 251.0 188
177.9181 251.0 188
179.2310 238.0 188
180.1538 226.0 188
180.5438 225.0 188
180.8569 225.0 188
181.1865 225.0 188
181.5106 225.0 188
181.7798 226.0 188
182.0435 228.0 188
182.3730 228.0 188
182.7026 228.0 188
183.0762 227.0 188
183.4058 227.0 188
183.7299 227.0 188
184.0594 227.0 188
184.3726 227.0 188
184.7021 227.0 188
185.0262 227.0 188
185.3558 227.0 188
185.6854 227.0 188
185.9985 227.0 188
186.3281 227.0 188
186.5918 228.0 188
186.9214 228.0 188
187.2455 228.0 188
187.5751 228.0 188
187.9047 229.0 188
188.2178 229.0 188
188.4979 230.0 188
188.8110 230.0 188
189.1406 231.0 188
189.4647 231.0 188
189.7943 231.0 188
190.1239 231.0 188
190.3876 232.0 188
190.7007 232.0 188
191.0303 232.0 188
191.3544 232.0 188
191.6840 232.0 188
192.0135 232.0 188
192.3267 233.0 188
192.6563 233.0 188
192.9803 233.0 188
193.3099 233.0 188
193.6395 234.0 188
193.9526 234.0 188
194.2767 234.0 188
194.5459 235.0 188
194.8700 236.0 188
195.1392 237.0 188
195.4688 237.0 188
195.7928 237.0 188
196.1224 238.0 188
196.4520 238.0 188
196.7651 238.0 188
197.0892 238.0 188
197.3584 239.0 188
197.6825 239.0 188
198.0121 240.0 188
198.3417 240.0 188
198.6548 241.0 188
198.9349 242.0 188
199.2480 242.0 188
199.5776 243.0 188
199.9017 243.0 188
200.5609 243.0 188
205.8234 254.0 188
206.2024 252.0 188
206.5265 251.0 188
206.8561 253.0 188
207.0758 257.0 188
215.2002 209.0 188
215.5902 208.0 188
215.9637 206.0 188
216.2933 205.0 188
216.7328 203.0 188
217.0624 202.0 188
217.4524 201.0 188
217.8424 199.0 188
218.2159 198.0 188
218.6060 196.0 188
218.9795 195.0 188
219.3091 194.0 188
219.7650 192.0 188
220.0891 191.0 188
220.4681 190.0 188
220.8582 189.0 188
221.1823 188.0 188
221.5613 187.0 188
221.9513 185.0 188
222.3413 184.0 188
222.7148 183.0 188
223.1049 182.0 188
223.4344 181.0 188
223.8080 180.0 188
224.1980 179.0 188
224.5935 178.0 188
224.9176 177.0 188
225.2966 176.0 188
225.6866 175.0 188
226.0602 174.0 188
226.4502 173.0 188
226.7798 172.0 188
227.1698 171.0 188
227.4994 171.0 188
227.8729 170.0 188
228.2629 169.0 188
228.5925 169.0 188
228.9661 168.0 188
229.4165 166.0 188
229.7955 165.0 188
230.1196 165.0 188
230.4492 164.0 188
230.7788 164.0 188
231.1688 163.0 188
231.5424 162.0 188
231.9324 161.0 188
232.3279 160.0 188
232.6520 160.0 188
233.0310 159.0 188
233.4210 158.0 188
233.7451 158.0 188
234.0747 158.0 188
234.4043 158.0 188
234.7778 157.0 188
235.1678 156.0 188
235.5579 155.0 188
235.9369 154.0 188
236.3269 153.0 188
236.6510 153.0 188
236.9806 153.0 188
237.3541 152.0 188
237.7496 151.0 188
238.0737 151.0 188
238.4637 150.0 188
238.7933 150.0 188
239.2328 149.0 188
239.5624 149.0 188
239.8865 149.0 188
240.2655 148.0 188
240.6555 147.0 188
240.9796 147.0 188
241.3092 147.0 188
241.6388 147.0 188
242.0123 146.0 188
242.3419 146.0 188
242.7319 145.0 188
243.0615 145.0 188
243.4351 144.0 188
243.7646 144.0 188
244.0887 144.0 188
244.4843 143.0 188
244.8083 143.0 188
245.1379 143.0 188
245.5774 142.0 188
245.9015 142.0 188
246.2915 141.0 188
246.6211 141.0 188
246.9507 141.0 188
247.2803 141.0 188
247.5934 141.0 188
247.9834 140.0 188
248.3075 140.0 188
248.6371 140.0 188
249.0271 139.0 188
249.3567 139.0 188
249.6863 139.0 188
250.1202 138.0 188
250.4498 138.0 188
250.7794 138.0 188
250.9827 139.0 188
251.3123 139.0 188
251.7627 138.0 188
252.1362 137.0 188
252.4658 137.0 188
252.7295 138.0 188
253.0591 138.0 188
253.4491 137.0 188
253.8391 136.0 188
254.1687 136.0 188
254.4818 136.0 188
254.8114 136.0 188
255.1355 136.0 188
255.4651 136.0 188
255.9210 135.0 188
256.2451 135.0 188
256.5582 135.0 188
256.8878 135.0 188
257.2174 135.0 188
257.5415 135.0 188
257.9370 134.0 188
258.2611 134.0 188
258.5907 134.0 188
258.9203 134.0 188
259.2499 134.0 188
259.5740 134.0 188
259.9036 134.0 188
260.2332 134.0 188
260.6067 133.0 188
260.9363 133.0 188
261.2164 134.0 188
261.5460 134.0 188
261.8591 134.0 188
262.2491 133.0 188
262.5732 133.0 188
263.0127 132.0 188
263.3423 132.0 188
263.6719 132.0 188
264.0619 131.0 188
264.3860 131.0 188
264.7156 131.0 188
265.1550 130.0 188
265.5450 129.0 188
265.9790 128.0 188
266.1823 129.0 188
266.5118 129.0 188
266.9678 128.0 188
267.1710 129.0 188
267.4951 129.0 188
268.4839 129.0 188
268.8080 129.0 188
268.9673 131.0 188
269.2969 131.0 188
269.6210 131.0 188
269.9506 131.0 188
270.2802 131.0 188
270.6042 131.0 188
270.8734 132.0 188
271.0931 133.0 188
271.4172 133.0 188
271.7468 133.0 188
272.0599 133.0 188
272.3895 133.0 188
272.6697 134.0 188
272.9828 134.0 188
273.3124 134.0 188
273.6365 134.0 188
273.9661 134.0 188
274.2957 134.0 188
274.6198 134.0 188
274.8889 135.0 188
275.2185 135.0 188
275.5261 135.0 188
275.8557 135.0 188
276.1853 135.0 188
276.5149 135.0 188
276.8390 135.0 188
277.1686 135.0 188
277.3718 136.0 188
277.7014 136.0 188
278.0310 136.0 188
278.3551 136.0 188
278.6847 136.0 188
278.9484 137.0 188
279.2780 137.0 188
279.6075 137.0 188
279.9207 137.0 188
280.2448 137.0 188
280.5743 137.0 188
280.8435 138.0 188
281.1676 138.0 188
281.3873 139.0 188
281.7169 139.0 188
282.0300 139.0 188
282.3541 139.0 188
282.6837 139.0 188
283.0133 139.0 188
283.2770 140.0 188
283.6066 140.0 188
283.9362 140.0 188
284.2603 140.0 188
284.5294 141.0 188
284.8590 141.0 188
285.1831 141.0 188
285.4523 142.0 188
285.7764 142.0 188
286.0895 142.0 188
286.4191 142.0 188
286.6388 143.0 188
286.9684 143.0 188
287.2925 143.0 188
287.6056 143.0 188
287.8857 144.0 188
288.1989 144.0 188
288.5284 144.0 188
288.8086 145.0 188
289.1217 145.0 188
289.4019 146.0 188
289.7150 146.0 188
300.1355 118.0 188
300.4651 118.0 188
300.9045 117.0 188
301.2341 117.0 188
301.6241 116.0 188
301.9373 116.0 188
302.3877 115.0 188
302.7008 115.0 188
303.1512 114.0 188
303.4644 114.0 188
303.7939 114.0 188
304.1235 114.0 188
304.4531 114.0 188
304.8871 113.0 188
305.2167 113.0 188
305.5463 113.0 188
305.8704 113.0 188
306.3263 112.0 188
307.3096 112.0 188
310.1221 116.0 188
310.6824 114.0 188
311.0120 114.0 188
311.2152 115.0 188
311.5448 115.0 188
311.8744 115.0 188
312.1985 115.0 188
312.4182 116.0 188
312.7478 116.0 188
313.0115 117.0 188
313.3411 117.0 188
313.6707 117.0 188
313.8904 118.0 188
314.2145 118.0 188
314.4177 119.0 188
314.7473 119.0 188
314.9670 120.0 188
315.2966 120.0 188
315.5603 121.0 188
315.7800 122.0 188
315.9998 123.0 188
316.3239 123.0 188
316.5930 124.0 188
316.8073 125.0 188
317.7301 126.0 188
320.9052 174.0 188
321.1688 175.0 188
321.4325 176.0 188
321.7621 176.0 188
322.0917 176.0 188
322.4213 176.0 188
322.7454 176.0 188
323.0750 176.0 188
323.4045 176.0 188
323.7341 176.0 188
324.0143 177.0 188
324.3384 177.0 188
324.6680 177.0 188
324.9976 178.0 188
325.2612 179.0 188
325.6403 178.0 188
325.9644 178.0 188
326.2939 178.0 188
327.2333 179.0 188
327.4969 180.0 188
327.8265 180.0 188
328.1561 180.0 188
328.4198 181.0 188
328.7494 181.0 188
329.0735 181.0 188
329.4031 182.0 188
329.7327 182.0 188
330.0623 182.0 188
330.3864 182.0 188
330.6665 183.0 188
330.9961 183.0 188
333.4955 185.0 188
333.7646 187.0 188
334.0887 187.0 188
334.6875 188.0 188
335.0116 189.0 188
335.2808 190.0 188
335.6049 190.0 188
335.9344 190.0 188
336.1981 191.0 188
336.5277 192.0 188
336.8573 192.0 188
337.1375 193.0 188
337.4506 193.0 188
337.7307 194.0 188
338.0603 194.0 188
338.3899 195.0 188
338.6536 196.0 188
338.9832 196.0 188
339.2468 197.0 188
339.5764 197.0 188
339.9060 198.0 188
340.1697 199.0 188
340.4993 199.0 188
340.7629 200.0 188
341.0925 200.0 188
341.4166 201.0 188
341.7023 202.0 188
342.0154 203.0 188
342.3395 203.0 188
342.6196 204.0 188
342.8888 205.0 188
343.2184 206.0 188
343.5425 206.0 188
343.8116 207.0 188
344.1357 208.0 188
344.4049 209.0 188
344.7290 209.0 188
345.0586 210.0 188
345.3278 211.0 188
345.6079 212.0 188
345.9375 213.0 188
346.2012 214.0 188
346.5308 215.0 188
346.7944 216.0 188
347.1240 216.0 188
347.4481 217.0 188
347.7173 218.0 188
348.0469 219.0 188
348.3105 220.0 188
348.6401 221.0 188
348.9203 222.0 188
349.2499 223.0 188
349.5135 224.0 188
349.8431 225.0 188
350.1068 227.0 188
350.4364 227.0 188
350.7001 228.0 188
351.0297 229.0 188
351.3098 231.0 188
351.5735 232.0 188
351.9031 233.0 188
352.2327 234.0 188
352.4963 236.0 188
352.7655 237.0 188
353.6829 240.0 188
