357.2479 256.0 188
357.5775 256.0 188
358.5608 256.0 188
8.0420 272.0 188
8.3716 272.0 188
8.7012 273.0 188
9.0308 273.0 188
9.2944 274.0 188
9.6240 275.0 188
9.9481 276.0 188
10.2777 276.0 188
10.5469 277.0 188
10.8710 278.0 188
11.2006 279.0 188
11.4642 280.0 188
11.7938 280.0 188
12.1234 281.0 188
12.4530 282.0 188
12.7771 282.0 188
13.0463 283.0 188
13.3704 284.0 188
13.7000 285.0 188
13.9636 286.0 188
14.2932 287.0 188
14.6228 288.0 188
14.9524 289.0 188
15.2765 289.0 188
15.5457 290.0 188
15.8698 291.0 188
16.1993 292.0 188
16.4685 293.0 188
16.7926 294.0 188
17.1222 295.0 188
17.4518 296.0 188
17.7155 297.0 188
18.0450 298.0 188
18.3746 299.0 188
18.6383 300.0 188
18.9679 301.0 188
19.2920 302.0 188
19.5612 304.0 188
19.8853 305.0 188
20.2148 306.0 188
20.5444 307.0 188
20.8081 308.0 188
21.1377 310.0 188
21.4673 311.0 188
21.7310 312.0 188
22.0605 313.0 188
22.3901 315.0 188
22.6538 316.0 188
22.9834 317.0 188
23.3075 319.0 188
23.5767 320.0 188
23.9063 321.0 188
24.2303 322.0 188
24.4995 324.0 188
24.8236 325.0 188
25.1532 327.0 188
25.4169 329.0 188
25.7465 331.0 188
26.0760 332.0 188
26.3397 334.0 188
26.6693 335.0 188
26.9989 336.0 188
27.2626 338.0 188
27.5922 340.0 188
27.8558 342.0 188
28.1854 343.0 188
28.5150 345.0 188
28.7787 348.0 188
29.1083 350.0 188
29.3884 352.0 188
30.3552 355.0 188
31.6241 618.0 188
31.9373 616.0 188
32.3273 612.0 188
32.6514 608.0 188
32.9810 606.0 188
33.3105 604.0 188
33.6237 600.0 188
34.0137 598.0 188
34.3433 594.0 188
34.6674 592.0 188
34.9805 590.0 188
35.3101 588.0 188
35.7001 584.0 188
36.0297 582.0 188
36.3593 580.0 188
36.6669 580.0 188
36.9965 580.0 188
37.3260 582.0 188
37.6556 578.0 188
106.3257 104.0 188
106.6553 104.0 188
106.9794 104.0 188
107.1826 105.0 188
107.5122 105.0 188
107.8418 105.0 188
108.1714 105.0 188
108.4955 105.0 188
108.8251 105.0 188
109.1547 105.0 188
109.3085 106.0 188
109.6381 106.0 188
109.9677 106.0 188
110.1874 107.0 188
110.5115 107.0 188
110.8411 107.0 188
111.1707 107.0 188
111.3739 108.0 188
111.6980 108.0 188
112.0276 108.0 188
112.2473 109.0 188
112.5769 109.0 188
112.9010 109.0 188
113.1042 110.0 188
113.4338 110.0 188
113.6536 111.0 188
113.9832 111.0 188
114.1864 112.0 188
114.5105 112.0 188
114.7302 113.0 188
115.0598 113.0 188
115.3894 113.0 188
115.5927 114.0 188
115.8124 115.0 188
116.1365 115.0 188
116.3397 116.0 188
116.6693 116.0 188
116.9330 117.0 188
117.2626 117.0 188
117.4823 118.0 188
117.8119 118.0 188
118.0151 119.0 188
118.3392 119.0 188
118.5590 120.0 188
118.8281 121.0 188
119.1522 121.0 188
119.3555 122.0 188
119.6851 122.0 188
119.9048 123.0 188
120.1685 124.0 188
120.4980 124.0 188
120.7178 125.0 188
121.0419 125.0 188
121.3110 126.0 188
121.5143 127.0 188
121.8384 127.0 188
122.1240 128.0 188
122.3273 129.0 188
122.5909 130.0 188
122.9205 130.0 188
123.1403 131.0 188
123.4039 132.0 188
123.7335 132.0 188
123.9478 133.0 188
124.2169 134.0 188
124.4806 135.0 188
124.8102 135.0 188
125.0299 136.0 188
125.2936 137.0 188
125.6232 137.0 188
125.8868 138.0 188
126.1066 139.0 188
126.3702 140.0 188
126.6998 140.0 188
126.9635 141.0 188
127.2327 142.0 188
127.4524 143.0 188
127.7161 144.0 188
127.9797 145.0 188
128.2654 146.0 188
128.5730 146.0 188
128.8586 147.0 188
129.1223 148.0 188
129.2761 150.0 188
129.5453 151.0 188
129.8749 151.0 188
130.1385 152.0 188
130.3583 154.0 188
130.6219 155.0 188
130.9021 156.0 188
131.1713 157.0 188
131.4349 158.0 188
131.6547 160.0 188
131.9183 161.0 188
132.1875 162.0 188
132.4677 163.0 188
132.7313 164.0 188
133.0609 165.0 188
133.2642 167.0 188
133.5443 168.0 188
133.8080 169.0 188
134.0112 171.0 188
134.2969 172.0 188
134.5605 174.0 188
134.8242 175.0 188
135.1044 176.0 188
135.3735 177.0 188
135.6372 179.0 188
135.8569 181.0 188
136.1865 182.0 188
136.3898 184.0 188
136.6699 185.0 188
136.9336 187.0 188
137.2028 189.0 188
137.4664 190.0 188
137.7466 192.0 188
137.9498 194.0 188
138.2794 195.0 188
138.4991 197.0 188
138.7628 199.0 188
139.0265 201.0 188
139.3121 203.0 188
139.5264 205.0 188
139.7955 207.0 188
140.0592 209.0 188
140.3229 211.0 188
140.6085 213.0 188
140.8722 215.0 188
141.0919 218.0 188
141.3556 220.0 188
141.6248 222.0 188
141.9049 224.0 188
142.1686 226.0 188
142.4323 229.0 188
142.6520 232.0 188
142.9816 234.0 188
143.2013 237.0 188
143.4650 240.0 188
143.7341 242.0 188
144.0143 245.0 188
144.2780 248.0 188
144.4977 251.0 188
144.7614 255.0 188
145.6842 258.0 188
156.1707 314.0 188
156.4343 316.0 188
156.7639 318.0 188
157.0935 319.0 188
157.3572 320.0 188
157.6868 320.0 188
158.0603 319.0 188
158.3899 318.0 188
158.7140 318.0 188
159.0436 318.0 188
159.3732 319.0 188
159.7028 319.0 188
160.0269 319.0 188
160.3564 319.0 188
160.6860 318.0 188
161.2793 320.0 188
161.6089 321.0 188
161.9330 320.0 188
162.3120 319.0 188
162.6361 319.0 188
162.9053 320.0 188
163.2294 320.0 188
163.5590 320.0 188
163.8885 320.0 188
164.2181 320.0 188
167.1515 321.0 188
167.8271 297.0 188
168.1512 297.0 188
168.4644 298.0 188
168.7939 299.0 188
169.1235 298.0 188
169.4531 298.0 188
169.7772 299.0 188
170.1068 299.0 188
170.4364 299.0 188
170.7605 299.0 188
171.0736 299.0 188
171.4032 299.0 188
171.6833 300.0 188
171.9965 300.0 188
172.3260 300.0 188
172.6556 301.0 188
172.9797 301.0 188
173.3093 301.0 188
173.6389 302.0 188
173.9685 302.0 188
174.2926 302.0 188
174.6057 303.0 188
174.9353 303.0 188
175.2649 303.0 188
175.5890 303.0 188
175.8582 304.0 188
176.1823 304.0 188
176.5118 305.0 188
176.8414 305.0 188
177.1710 306.0 188
177.4951 306.0 188
177.8247 307.0 188
178.1543 307.0 188
178.4180 308.0 188
178.7476 308.0 188
179.0771 309.0 188
179.3903 309.0 188
179.7144 310.0 188
180.0439 310.0 188
180.3735 310.0 188
180.7031 311.0 188
180.9668 312.0 188
181.2964 312.0 188
181.6205 313.0 188
181.9501 314.0 188
182.9169 314.0 188
187.3279 325.0 188
187.6520 325.0 188
187.9816 326.0 188
188.5748 328.0 188
195.0732 270.0 188
195.4028 268.0 188
195.7764 266.0 188
196.1719 263.0 188
196.5454 261.0 188
196.8750 260.0 188
197.2485 257.0 188
197.6385 255.0 188
198.0121 253.0 188
198.3417 251.0 188
198.7317 249.0 188
199.1052 247.0 188
199.4952 245.0 188
199.8248 244.0 188
200.1984 242.0 188
200.5774 240.0 188
200.9674 238.0 188
201.2915 237.0 188
201.6705 236.0 188
202.0605 234.0 188
202.3901 233.0 188
202.7637 231.0 188
203.1537 229.0 188
203.5272 227.0 188
203.8568 226.0 188
204.2468 225.0 188
204.6204 223.0 188
205.0104 221.0 188
205.3400 220.0 188
205.6696 220.0 188
206.0431 218.0 188
206.4331 216.0 188
206.8121 214.0 188
207.1362 214.0 188
207.5262 213.0 188
207.9053 211.0 188
208.2953 210.0 188
208.6249 210.0 188
208.9490 209.0 188
209.3280 207.0 188
209.7180 206.0 188
210.0916 204.0 188
210.4211 204.0 188
210.8112 203.0 188
211.1353 202.0 188
211.5143 201.0 188
211.9043 199.0 188
212.2778 198.0 188
212.6074 198.0 188
212.9370 197.0 188
213.3270 196.0 188
213.7006 195.0 188
214.0302 194.0 188
214.4202 193.0 188
214.7937 192.0 188
215.1233 191.0 188
215.4529 191.0 188
215.8429 190.0 188
216.2164 189.0 188
216.5460 189.0 188
216.8701 188.0 188
217.2656 187.0 188
217.6392 186.0 188
217.9688 185.0 188
218.2928 185.0 188
218.6829 184.0 188
219.0619 183.0 188
219.4519 182.0 188
219.7760 182.0 188
220.0891 181.0 188
220.4187 181.0 188
220.8087 180.0 188
221.1823 179.0 188
221.5118 179.0 188
221.9019 178.0 188
222.2314 177.0 188
222.5610 177.0 188
222.8906 177.0 188
223.2642 176.0 188
223.6542 175.0 188
223.9838 175.0 188
224.3573 174.0 188
224.6869 174.0 188
225.0769 173.0 188
225.4010 173.0 188
225.7306 172.0 188
226.0602 172.0 188
226.4337 171.0 188
226.7633 171.0 188
227.1533 170.0 188
227.4664 170.0 188
227.8564 169.0 188
228.1860 169.0 188
228.5156 169.0 188
228.8892 168.0 188
229.2188 168.0 188
229.6088 167.0 188
229.9329 167.0 188
230.2625 167.0 188
230.6360 166.0 188
230.9656 166.0 188
231.2952 166.0 188
231.6852 165.0 188
232.0148 165.0 188
232.3279 165.0 188
232.6520 164.0 188
232.9816 164.0 188
233.3112 164.0 188
233.6353 164.0 188
234.0308 163.0 188
234.3549 163.0 188
234.6844 163.0 188
235.0580 162.0 188
235.3876 162.0 188
235.7172 162.0 188
236.0468 162.0 188
236.4368 161.0 188
236.7609 161.0 188
237.0905 161.0 188
237.4200 161.0 188
237.7496 161.0 188
238.0737 161.0 188
238.4637 160.0 188
238.7933 160.0 188
239.1229 160.0 188
239.4525 160.0 188
239.8425 159.0 188
240.1666 159.0 188
240.4962 159.0 188
241.1554 159.0 188
249.8730 114.0 188
250.4333 112.0 188
250.8728 111.0 188
251.3232 110.0 188
251.6528 110.0 188
252.0923 109.0 188
252.4219 109.0 188
252.8558 108.0 188
253.1854 108.0 188
253.6359 107.0 188
253.9655 107.0 188
254.2950 107.0 188
254.6246 107.0 188
255.0586 106.0 188
255.3882 106.0 188
255.7178 106.0 188
256.0419 106.0 188
256.3715 106.0 188
256.7010 106.0 188
257.0306 106.0 188
257.5305 105.0 188
257.8546 105.0 188
258.2007 105.0 188
258.5303 105.0 188
258.8544 105.0 188
259.1840 105.0 188
259.5135 105.0 188
260.4968 105.0 188
260.8264 105.0 188
261.1560 105.0 188
261.4801 105.0 188
261.8097 105.0 188
262.1393 105.0 188
262.4634 105.0 188
262.7930 105.0 188
263.1226 105.0 188
263.4521 105.0 188
263.7762 105.0 188
263.9355 106.0 188
264.2651 106.0 188
264.5892 106.0 188
264.9188 106.0 188
265.2484 106.0 188
265.5780 106.0 188
265.9021 106.0 188
266.1218 107.0 188
266.4514 107.0 188
266.7810 107.0 188
266.9952 108.0 188
267.3248 108.0 188
267.6544 108.0 188
267.8577 109.0 188
268.1873 109.0 188
268.5114 109.0 188
268.7311 110.0 188
268.9508 111.0 188
269.2804 111.0 188
269.4946 112.0 188
269.8242 112.0 188
270.3571 113.0 188
274.2792 113.0 188
273.9990 148.0 188
274.2627 149.0 188
275.2460 149.0 188
275.4657 150.0 188
275.7953 150.0 188
276.3391 147.0 188
277.7014 146.0 188
278.0914 145.0 188
278.4210 145.0 188
283.1067 143.0 188
283.6066 141.0 188
285.2325 141.0 188
285.5621 141.0 188
285.9521 140.0 188
286.6553 139.0 188
287.5781 140.0 188
288.6218 139.0 188
289.5886 139.0 188
290.9015 139.0 188
291.5607 139.0 188
292.0605 137.0 188
292.4341 136.0 188
292.7637 136.0 188
293.2031 135.0 188
293.5272 135.0 188
293.8568 135.0 188
294.9060 134.0 188
295.6091 133.0 188
295.9332 133.0 188
297.4329 139.0 188
297.7625 139.0 188
298.0920 139.0 188
298.4216 139.0 188
298.7457 139.0 188
299.0753 139.0 188
299.4049 139.0 188
299.7290 139.0 188
300.0586 139.0 188
300.3882 139.0 188
300.7178 139.0 188
301.0419 139.0 188
301.3715 139.0 188
301.6406 140.0 188
301.9647 140.0 188
302.2943 140.0 188
302.6239 140.0 188
302.9480 140.0 188
303.2776 140.0 188
303.5468 141.0 188
303.8708 141.0 188
304.2004 141.0 188
304.5300 141.0 188
304.8541 141.0 188
305.1837 141.0 188
305.5133 141.0 188
305.7770 142.0 188
306.1066 142.0 188
306.4362 142.0 188
306.7603 142.0 188
306.9800 143.0 188
307.3096 143.0 188
307.6392 143.0 188
307.9688 143.0 188
308.2928 143.0 188
308.5620 144.0 188
308.8861 144.0 188
309.2157 144.0 188
309.5453 144.0 188
309.8090 145.0 188
310.1385 145.0 188
310.4681 145.0 188
310.7922 145.0 188
311.0614 146.0 188
311.3855 146.0 188
311.6711 147.0 188
311.9952 147.0 188
312.3083 147.0 188
312.6379 147.0 188
312.9181 148.0 188
313.2477 148.0 188
313.5773 148.0 188
313.9014 148.0 188
314.1705 149.0 188
314.4946 149.0 188
314.7144 150.0 188
315.0439 150.0 188
315.3735 150.0 188
315.7031 150.0 188
315.9668 151.0 188
316.2964 151.0 188
316.5601 152.0 188
316.8896 152.0 188
317.2137 152.0 188
317.4829 153.0 188
317.8125 153.0 188
318.0927 154.0 188
318.4167 154.0 188
318.7463 154.0 188
319.0155 155.0 188
319.3396 155.0 188
319.6088 156.0 188
319.8889 157.0 188
320.2020 157.0 188
320.5261 157.0 188
320.8118 158.0 188
321.1359 158.0 188
321.4050 159.0 188
321.7291 159.0 188
321.9983 160.0 188
322.3279 160.0 188
322.6080 161.0 188
322.9321 161.0 188
323.2013 162.0 188
323.5309 162.0 188
323.7946 163.0 188
324.0747 164.0 188
324.4043 164.0 188
324.7339 165.0 188
325.0415 165.0 188
325.3271 166.0 188
325.6512 166.0 188
325.9204 167.0 188
326.1841 168.0 188
326.4642 169.0 188
326.7938 169.0 188
327.0575 170.0 188
327.3267 171.0 188
327.6068 172.0 188
327.9364 172.0 188
328.2605 173.0 188
328.5297 174.0 188
328.7933 175.0 188
329.1229 175.0 188
329.4031 176.0 188
329.6667 177.0 188
329.9963 178.0 188
330.3259 178.0 188
330.6061 179.0 188
330.8698 180.0 188
331.1389 181.0 188
331.4685 182.0 188
331.7487 183.0 188
332.0123 184.0 188
332.3419 184.0 188
333.2648 185.0 188
346.3879 186.0 188
346.9812 187.0 188
347.9205 189.0 188
349.6069 196.0 188
350.3101 194.0 188
350.6396 194.0 188
350.9637 195.0 188
351.2933 195.0 188
351.5625 196.0 188
351.8427 197.0 188
352.1667 197.0 188
352.4963 198.0 188
352.7655 199.0 188
353.0457 200.0 188
353.3698 201.0 188
353.6389 203.0 188
353.9026 204.0 188
354.1827 206.0 188
356.1713 255.0 188
356.4954 256.0 188
356.7151 259.0 188
