357.4347 243.0 188
357.7148 244.0 188
357.9840 246.0 188
358.3081 247.0 188
358.5938 249.0 188
358.8574 251.0 188
359.1870 252.0 188
359.4507 254.0 188
359.7803 255.0 188
0.0604 257.0 188
0.3241 259.0 188
0.6537 260.0 188
0.9174 262.0 188
1.2469 264.0 188
1.5271 266.0 188
2.4500 270.0 188
3.9661 503.0 188
4.3561 501.0 188
4.6857 500.0 188
5.0153 498.0 188
5.3394 497.0 188
5.6689 495.0 188
5.9985 493.0 188
6.3281 492.0 188
6.7017 489.0 188
7.0917 481.0 188
7.4213 475.0 188
7.7454 473.0 188
8.1244 470.0 188
8.4485 467.0 188
8.7781 465.0 188
9.1681 463.0 188
9.4977 461.0 188
9.8273 459.0 188
10.1514 457.0 188
10.5304 454.0 188
10.8545 452.0 188
11.1841 450.0 188
11.5137 448.0 188
11.9037 446.0 188
12.2333 444.0 188
12.5464 442.0 188
12.8705 441.0 188
13.2605 439.0 188
13.5901 437.0 188
13.9197 436.0 188
14.2493 433.0 188
14.5624 432.0 188
14.9524 431.0 188
15.2765 429.0 188
15.6061 427.0 188
15.9357 426.0 188
16.2653 424.0 188
16.6388 423.0 188
16.9684 422.0 188
17.2925 420.0 188
17.6221 419.0 188
17.9517 417.0 188
18.3252 416.0 188
18.6548 415.0 188
18.9844 414.0 188
19.3085 412.0 188
19.6381 411.0 188
19.9677 410.0 188
20.3412 409.0 188
20.6708 407.0 188
20.9949 406.0 188
21.3245 405.0 188
21.6980 403.0 188
22.0276 403.0 188
22.3572 402.0 188
22.6868 400.0 188
23.0109 399.0 188
23.3405 398.0 188
23.6700 397.0 188
23.9996 397.0 188
24.3732 395.0 188
24.7028 395.0 188
25.0269 394.0 188
25.3564 392.0 188
25.6860 392.0 188
26.0156 391.0 188
26.3892 390.0 188
26.7188 389.0 188
27.0428 388.0 188
27.3724 387.0 188
27.7020 387.0 188
28.0261 386.0 188
28.3557 385.0 188
28.7292 384.0 188
29.0588 384.0 188
29.3884 383.0 188
29.7180 382.0 188
30.0421 382.0 188
30.3717 381.0 188
30.7013 380.0 188
31.0309 380.0 188
31.3385 379.0 188
31.6681 379.0 188
32.3273 379.0 188
33.2776 326.0 188
34.8267 270.0 188
35.2002 267.0 188
35.5298 265.0 188
35.9198 264.0 188
36.2494 263.0 188
36.5735 262.0 188
36.9525 261.0 188
37.2766 260.0 188
37.6062 259.0 188
37.9358 259.0 188
38.3093 258.0 188
38.6389 258.0 188
38.9685 258.0 188
39.2926 257.0 188
39.6826 256.0 188
39.9518 257.0 188
45.3571 236.0 188
62.3859 109.0 188
62.8418 108.0 188
63.3856 106.0 188
100.0580 105.0 188
121.8384 251.0 188
125.0134 407.0 188
125.3430 406.0 188
125.6561 406.0 188
125.9802 406.0 188
126.3098 407.0 188
126.6394 407.0 188
126.9635 408.0 188
127.2931 408.0 188
127.6227 406.0 188
127.9523 406.0 188
128.2764 407.0 188
128.6060 408.0 188
128.9355 408.0 188
129.2651 409.0 188
129.5892 409.0 188
129.8584 410.0 188
130.1825 413.0 188
130.4517 417.0 188
131.9348 403.0 188
132.1985 407.0 188
132.4841 410.0 188
133.4674 412.0 188
135.9174 391.0 188
136.2469 391.0 188
136.5765 393.0 188
136.9061 393.0 188
137.2302 392.0 188
137.5598 393.0 188
137.8894 393.0 188
138.2135 394.0 188
138.5431 394.0 188
138.8727 394.0 188
139.2023 393.0 188
139.5264 391.0 188
139.8395 391.0 188
140.4987 396.0 188
140.7788 403.0 188
141.1084 403.0 188
141.4325 402.0 188
141.7621 401.0 188
142.0917 400.0 188
142.4048 400.0 188
142.7344 401.0 188
143.0585 402.0 188
143.3881 403.0 188
143.6682 404.0 188
143.9978 405.0 188
144.3274 405.0 188
144.6515 406.0 188
144.9646 407.0 188
145.2942 408.0 188
145.6238 409.0 188
145.9479 409.0 188
146.2335 410.0 188
146.5576 411.0 188
147.2003 412.0 188
156.8243 365.0 188
157.1539 362.0 188
157.5275 359.0 188
157.9175 355.0 188
158.2471 353.0 188
158.6206 350.0 188
159.0106 346.0 188
159.3402 343.0 188
159.7137 340.0 188
160.1093 336.0 188
160.4333 333.0 188
160.8124 331.0 188
161.1365 331.0 188
161.5265 327.0 188
161.9055 323.0 188
162.2296 321.0 188
162.6196 317.0 188
162.9492 316.0 188
163.3228 315.0 188
163.6523 312.0 188
164.0424 309.0 188
164.4214 307.0 188
164.7455 306.0 188
165.0751 304.0 188
165.4651 301.0 188
165.8386 299.0 188
166.1682 297.0 188
166.5582 296.0 188
166.8878 294.0 188
167.2614 291.0 188
167.6514 289.0 188
167.9810 288.0 188
168.3105 286.0 188
168.6841 283.0 188
169.0741 282.0 188
169.4037 282.0 188
169.7333 280.0 188
170.1068 277.0 188
170.4968 276.0 188
170.8264 275.0 188
171.2000 273.0 188
171.5295 271.0 188
171.9196 270.0 188
172.2491 268.0 188
172.6227 267.0 188
172.9523 266.0 188
173.3258 264.0 188
173.6554 263.0 188
173.9795 262.0 188
174.3750 260.0 188
174.6826 259.0 188
175.0122 259.0 188
175.4022 258.0 188
175.7813 255.0 188
176.1713 253.0 188
176.4844 253.0 188
176.8085 252.0 188
177.1381 251.0 188
177.5281 250.0 188
177.8577 249.0 188
178.2312 248.0 188
178.5608 247.0 188
178.8904 246.0 188
179.2639 245.0 188
179.9835 243.0 188
185.2789 171.0 188
185.6525 170.0 188
186.0425 169.0 188
186.4819 167.0 188
186.8555 166.0 188
187.2455 165.0 188
187.5751 165.0 188
187.9047 164.0 188
188.2782 163.0 188
188.6078 163.0 188
188.9813 162.0 188
189.3109 162.0 188
189.6405 162.0 188
190.0305 161.0 188
190.3436 161.0 188
190.7336 160.0 188
191.0577 160.0 188
191.3873 160.0 188
191.7169 160.0 188
192.0905 159.0 188
192.4200 159.0 188
192.7496 159.0 188
193.0133 160.0 188
193.3429 160.0 188
193.6670 160.0 188
193.9362 161.0 188
194.2603 161.0 188
194.5898 161.0 188
194.9194 161.0 188
195.2325 161.0 188
195.5127 162.0 188
195.8423 162.0 188
196.1060 163.0 188
196.4355 163.0 188
196.6992 164.0 188
197.0288 164.0 188
197.3584 164.0 188
197.6715 165.0 188
197.9517 166.0 188
198.2813 166.0 188
198.5889 166.0 188
199.1986 167.0 188
202.4011 199.0 188
202.7307 199.0 188
203.1042 197.0 188
203.6041 193.0 188
204.0436 190.0 188
214.7168 147.0 188
215.1068 146.0 188
215.4803 145.0 188
215.8704 144.0 188
216.2000 144.0 188
216.5735 143.0 188
217.0294 142.0 188
217.4030 141.0 188
217.7930 140.0 188
218.1226 140.0 188
218.5126 139.0 188
218.9520 138.0 188
219.3256 137.0 188
219.7156 136.0 188
220.0452 136.0 188
220.4791 135.0 188
220.8087 135.0 188
221.1987 134.0 188
221.5887 133.0 188
221.9183 133.0 188
222.3578 132.0 188
222.6874 132.0 188
223.0609 131.0 188
223.5114 130.0 188
223.8409 130.0 188
224.2145 129.0 188
224.5441 129.0 188
225.0000 128.0 188
225.3241 128.0 188
225.7031 127.0 188
226.0272 127.0 188
226.3568 127.0 188
226.7963 126.0 188
227.1204 126.0 188
227.5104 125.0 188
227.8400 125.0 188
228.1696 125.0 188
228.6090 124.0 188
228.9331 124.0 188
229.3231 123.0 188
229.6527 123.0 188
229.9823 123.0 188
230.3119 123.0 188
230.7458 122.0 188
231.0754 122.0 188
231.5149 121.0 188
231.8390 121.0 188
232.1686 121.0 188
232.4982 121.0 188
232.8882 120.0 188
233.2178 120.0 188
233.5419 120.0 188
233.9813 119.0 188
234.3109 119.0 188
234.6405 119.0 188
235.0909 118.0 188
235.4205 118.0 188
235.7446 118.0 188
236.0742 118.0 188
236.5137 117.0 188
236.8433 117.0 188
237.1674 117.0 188
237.4969 117.0 188
237.8870 116.0 188
238.2001 116.0 188
238.5297 116.0 188
238.8593 116.0 188
239.1833 116.0 188
239.6393 115.0 188
239.9634 115.0 188
240.2930 115.0 188
240.6226 115.0 188
240.9521 115.0 188
241.3861 114.0 188
241.7157 114.0 188
242.0453 114.0 188
242.3749 114.0 188
242.6990 114.0 188
243.0286 114.0 188
243.4790 113.0 188
243.8086 113.0 188
244.1382 113.0 188
244.4678 113.0 188
244.7919 113.0 188
245.1215 113.0 188
245.4510 113.0 188
245.7806 113.0 188
246.1047 113.0 188
246.5607 112.0 188
246.8903 112.0 188
247.2144 112.0 188
247.5439 112.0 188
247.8735 112.0 188
248.2031 112.0 188
248.5272 112.0 188
248.8568 112.0 188
249.1864 112.0 188
249.5105 112.0 188
249.8566 112.0 188
250.1862 112.0 188
250.5103 112.0 188
250.8398 112.0 188
251.1694 112.0 188
251.4990 112.0 188
251.9330 111.0 188
252.2626 111.0 188
252.5922 111.0 188
252.9218 111.0 188
253.2623 111.0 188
253.5919 111.0 188
253.9215 111.0 188
254.2456 111.0 188
254.5752 111.0 188
254.9048 111.0 188
255.2344 111.0 188
255.5585 111.0 188
255.7782 112.0 188
256.1078 112.0 188
256.4374 112.0 188
256.7615 112.0 188
257.0911 112.0 188
257.4207 112.0 188
257.7448 112.0 188
258.0743 112.0 188
258.4039 112.0 188
258.7335 112.0 188
259.0741 112.0 188
259.4037 112.0 188
259.7333 112.0 188
259.9365 113.0 188
260.2606 113.0 188
260.6067 113.0 188
260.9363 113.0 188
261.2604 113.0 188
261.5900 113.0 188
261.9196 113.0 188
262.1393 114.0 188
262.4634 114.0 188
262.7930 114.0 188
263.1226 114.0 188
263.4521 114.0 188
263.7762 114.0 188
264.1058 114.0 188
264.4354 114.0 188
264.6552 115.0 188
264.9792 115.0 188
265.3088 115.0 188
265.6384 115.0 188
265.9680 115.0 188
266.1823 116.0 188
266.5118 116.0 188
266.8414 116.0 188
267.1710 116.0 188
267.4951 116.0 188
267.7808 117.0 188
268.1049 117.0 188
268.4344 117.0 188
268.7640 117.0 188
268.9838 118.0 188
269.3079 118.0 188
269.6375 118.0 188
269.8407 119.0 188
270.1868 119.0 188
270.5109 119.0 188
270.8405 119.0 188
271.0602 120.0 188
271.3898 120.0 188
271.7139 120.0 188
271.9830 121.0 188
272.3071 121.0 188
272.6367 121.0 188
272.9663 121.0 188
273.1860 122.0 188
273.5156 122.0 188
273.8232 122.0 188
274.0430 123.0 188
274.3726 123.0 188
274.6362 124.0 188
274.9658 124.0 188
275.1855 125.0 188
275.5151 125.0 188
275.7788 126.0 188
276.1084 126.0 188
276.4325 126.0 188
276.6357 127.0 188
276.9214 128.0 188
277.2455 128.0 188
277.5751 128.0 188
277.7783 129.0 188
278.0420 130.0 188
278.2617 131.0 188
279.1846 132.0 188
287.9681 106.0 188
288.4680 105.0 188
288.7921 105.0 188
300.8881 105.0 188
301.6516 104.0 188
301.8713 105.0 188
302.2009 105.0 188
302.5140 105.0 188
302.8436 105.0 188
303.1677 105.0 188
303.3270 106.0 188
303.6511 106.0 188
303.9807 106.0 188
304.3103 106.0 188
304.5300 107.0 188
304.8431 107.0 188
305.0574 108.0 188
305.9363 109.0 188
306.7932 110.0 188
310.9680 155.0 188
311.7810 158.0 188
312.5281 162.0 188
327.9639 168.0 188
328.2935 168.0 188
328.6230 168.0 188
328.9032 169.0 188
329.2328 169.0 188
329.5624 169.0 188
329.8260 170.0 188
330.1556 170.0 188
330.4797 170.0 188
330.7489 171.0 188
331.0730 171.0 188
331.3586 172.0 188
331.6827 172.0 188
332.0123 173.0 188
332.3419 173.0 188
332.6056 174.0 188
332.9352 174.0 188
333.1989 175.0 188
333.5284 175.0 188
333.8580 175.0 188
334.1217 176.0 188
334.4513 176.0 188
334.7314 177.0 188
335.0446 178.0 188
335.3741 178.0 188
335.6982 178.0 188
335.9839 179.0 188
336.3080 179.0 188
336.5771 180.0 188
336.8408 181.0 188
337.1704 181.0 188
337.5000 182.0 188
337.8241 182.0 188
338.0933 183.0 188
338.4174 183.0 188
338.7030 184.0 188
339.0271 184.0 188
339.2963 185.0 188
339.6204 186.0 188
339.8895 187.0 188
340.2136 187.0 188
340.4828 188.0 188
340.8124 188.0 188
341.1365 189.0 188
341.4166 190.0 188
341.7462 190.0 188
342.0154 191.0 188
342.3395 192.0 188
342.6086 193.0 188
342.9327 193.0 188
343.2019 194.0 188
343.5260 195.0 188
343.8556 195.0 188
344.1357 196.0 188
344.4049 197.0 188
344.7290 198.0 188
344.9982 199.0 188
345.3278 199.0 188
345.6079 200.0 188
345.9210 201.0 188
346.2451 201.0 188
346.5308 202.0 188
346.8549 203.0 188
347.1240 204.0 188
347.3877 205.0 188
347.7173 206.0 188
347.9974 207.0 188
348.3270 208.0 188
348.5907 209.0 188
348.9203 210.0 188
349.2499 210.0 188
349.5135 211.0 188
349.7772 212.0 188
350.1068 213.0 188
350.3870 214.0 188
350.7166 215.0 188
350.9802 216.0 188
351.3098 217.0 188
351.5735 218.0 188
351.9031 219.0 188
352.1667 220.0 188
352.4524 222.0 188
352.7765 223.0 188
353.0457 224.0 188
353.3698 225.0 188
353.6389 226.0 188
353.9685 227.0 188
354.2487 228.0 188
354.5123 230.0 188
354.8419 231.0 188
355.1056 232.0 188
355.4352 233.0 188
355.7153 235.0 188
356.0449 236.0 188
356.3086 238.0 188
356.5778 239.0 188
356.9019 240.0 188
357.2314 241.0 188
