354.9957 413.0 188
355.3253 411.0 188
355.6989 408.0 188
356.0284 406.0 188
356.3580 404.0 188
356.7480 402.0 188
357.0776 400.0 188
357.4017 398.0 188
357.7808 396.0 188
358.1049 394.0 188
358.4344 392.0 188
358.8245 390.0 188
359.1541 389.0 188
359.4836 387.0 188
359.8077 385.0 188
0.1868 384.0 188
0.5109 382.0 188
0.8405 380.0 188
1.1700 379.0 188
1.5601 377.0 188
1.8896 376.0 188
2.2137 375.0 188
2.5433 373.0 188
2.9169 371.0 188
3.2465 370.0 188
3.5760 368.0 188
3.9661 367.0 188
4.2957 366.0 188
4.6198 365.0 188
4.9493 363.0 188
5.2789 362.0 188
5.6689 361.0 188
5.9985 360.0 188
6.3281 359.0 188
6.6522 357.0 188
7.0313 356.0 188
7.3553 355.0 188
7.6849 354.0 188
8.0145 353.0 188
8.3386 352.0 188
8.7341 351.0 188
9.0582 350.0 188
9.3878 349.0 188
9.7174 348.0 188
10.0415 347.0 188
10.4205 346.0 188
10.7446 345.0 188
11.0742 344.0 188
11.4038 343.0 188
11.7334 343.0 188
12.0575 342.0 188
12.4530 341.0 188
12.7771 340.0 188
13.1067 339.0 188
13.4363 339.0 188
13.7604 338.0 188
14.0900 337.0 188
14.4635 336.0 188
14.7931 335.0 188
15.1227 335.0 188
15.4523 334.0 188
15.7764 333.0 188
16.1060 333.0 188
16.4960 332.0 188
16.8256 331.0 188
17.1552 331.0 188
17.4792 330.0 188
17.8088 330.0 188
18.1384 329.0 188
18.4680 328.0 188
18.7921 328.0 188
19.1217 328.0 188
19.5117 327.0 188
19.8413 326.0 188
20.1709 326.0 188
20.4950 325.0 188
20.8246 325.0 188
21.1542 324.0 188
21.4838 324.0 188
21.8573 323.0 188
22.1979 323.0 188
22.5275 323.0 188
22.8571 322.0 188
23.1866 322.0 188
23.5107 322.0 188
23.8403 321.0 188
24.1699 323.0 188
24.3896 329.0 188
25.9991 270.0 188
26.3232 269.0 188
28.1085 220.0 188
28.4985 219.0 188
28.8281 218.0 188
29.2017 216.0 188
29.6356 213.0 188
30.0311 211.0 188
30.4211 210.0 188
30.7452 210.0 188
31.0748 210.0 188
31.4044 209.0 188
31.7944 208.0 188
32.1240 208.0 188
32.4481 208.0 188
32.7777 207.0 188
33.1073 207.0 188
33.4369 207.0 188
33.8104 206.0 188
34.1400 206.0 188
34.4641 205.0 188
34.8102 205.0 188
35.1398 206.0 188
35.4639 206.0 188
36.3867 207.0 188
38.3588 208.0 188
42.6544 189.0 188
42.9181 190.0 188
43.3081 189.0 188
43.6377 188.0 188
44.0277 187.0 188
44.4177 186.0 188
45.0769 185.0 188
47.5433 174.0 188
51.8115 190.0 188
60.5292 125.0 188
61.0291 123.0 188
61.4795 122.0 188
61.9794 120.0 188
62.4188 119.0 188
62.9791 117.0 188
63.3746 116.0 188
63.8086 115.0 188
64.2480 114.0 188
64.8083 112.0 188
65.2478 111.0 188
65.6982 110.0 188
66.0278 110.0 188
66.4673 109.0 188
66.9177 108.0 188
67.3572 107.0 188
67.6868 107.0 188
68.1207 106.0 188
68.4503 106.0 188
69.6204 105.0 188
131.1548 427.0 188
131.4844 428.0 188
131.8085 429.0 188
132.1381 430.0 188
132.4677 430.0 188
132.7917 431.0 188
133.1213 431.0 188
133.4015 432.0 188
133.7311 433.0 188
134.0607 434.0 188
134.3903 434.0 188
134.7144 435.0 188
135.0439 437.0 188
135.3735 438.0 188
135.6372 440.0 188
135.9668 443.0 188
136.2964 446.0 188
137.2137 450.0 188
137.9828 439.0 188
138.2629 442.0 188
138.5925 445.0 188
138.8562 449.0 188
139.1858 451.0 188
139.5154 452.0 188
139.8395 453.0 188
140.1691 454.0 188
140.4327 456.0 188
141.0919 457.0 188
144.0417 459.0 188
149.5129 426.0 188
149.8865 420.0 188
150.2765 414.0 188
150.6555 409.0 188
150.9796 406.0 188
151.3092 404.0 188
151.6992 401.0 188
152.0288 397.0 188
152.4023 394.0 188
152.7319 391.0 188
153.1219 388.0 188
153.4515 386.0 188
153.8251 384.0 188
154.1547 381.0 188
154.4843 379.0 188
154.8578 377.0 188
155.1874 374.0 188
155.5774 370.0 188
155.9015 368.0 188
156.2805 367.0 188
156.6046 365.0 188
156.9342 362.0 188
157.3242 360.0 188
157.6538 358.0 188
158.0273 355.0 188
158.3569 354.0 188
158.6865 352.0 188
159.0765 350.0 188
159.4061 348.0 188
159.7797 345.0 188
160.1093 344.0 188
160.4333 344.0 188
160.8234 340.0 188
161.1530 337.0 188
161.4825 337.0 188
161.8561 336.0 188
162.1857 334.0 188
162.5757 331.0 188
162.9053 330.0 188
163.2294 329.0 188
163.6084 327.0 188
163.9325 326.0 188
164.2621 324.0 188
164.6356 323.0 188
164.9652 321.0 188
165.2948 320.0 188
165.6848 318.0 188
166.0144 317.0 188
166.3385 316.0 188
166.7175 315.0 188
167.0416 313.0 188
167.4371 311.0 188
167.7612 309.0 188
168.0908 309.0 188
168.4204 308.0 188
168.7939 307.0 188
169.1235 306.0 188
169.4531 305.0 188
169.7772 304.0 188
170.1068 304.0 188
170.4968 302.0 188
170.8099 301.0 188
171.1395 300.0 188
172.1832 299.0 188
173.1665 297.0 188
175.4352 232.0 188
175.8252 230.0 188
176.1987 228.0 188
176.5887 227.0 188
176.9183 226.0 188
177.2919 225.0 188
177.6215 224.0 188
178.0115 223.0 188
178.3246 222.0 188
178.6542 222.0 188
178.9838 222.0 188
179.3738 221.0 188
179.6979 220.0 188
180.0110 220.0 188
180.3406 220.0 188
180.6702 220.0 188
180.9998 220.0 188
181.3239 220.0 188
181.6534 220.0 188
181.9830 221.0 188
182.2961 221.0 188
182.6202 221.0 188
188.5144 259.0 188
189.3878 249.0 188
189.7174 249.0 188
199.0613 196.0 188
199.4513 194.0 188
199.8248 193.0 188
200.2148 192.0 188
200.5444 191.0 188
200.9180 190.0 188
201.3080 188.0 188
201.6870 187.0 188
202.0605 186.0 188
202.3901 185.0 188
202.7802 184.0 188
203.1537 183.0 188
203.5437 182.0 188
203.8733 181.0 188
204.2468 180.0 188
204.6368 179.0 188
205.0104 178.0 188
205.3400 177.0 188
205.7135 176.0 188
206.1090 175.0 188
206.4825 174.0 188
206.8726 173.0 188
207.2021 173.0 188
207.5262 172.0 188
207.9053 171.0 188
208.2953 170.0 188
208.6084 170.0 188
208.9984 169.0 188
209.3719 168.0 188
209.7620 167.0 188
210.0916 167.0 188
210.4651 166.0 188
210.7947 166.0 188
211.1847 165.0 188
211.5143 164.0 188
211.8384 164.0 188
212.2339 163.0 188
212.6074 162.0 188
212.9370 162.0 188
213.3270 161.0 188
213.6511 161.0 188
214.0466 160.0 188
214.3707 160.0 188
214.7498 159.0 188
215.0739 159.0 188
215.4639 158.0 188
215.8594 157.0 188
216.1835 157.0 188
216.5131 157.0 188
216.8866 156.0 188
217.2162 156.0 188
217.6062 155.0 188
217.9358 155.0 188
218.2654 155.0 188
218.6554 154.0 188
218.9795 154.0 188
219.3091 154.0 188
219.6826 153.0 188
220.0122 153.0 188
220.4022 152.0 188
220.7318 152.0 188
221.0614 152.0 188
221.4514 151.0 188
221.7810 151.0 188
222.1051 151.0 188
222.4841 150.0 188
222.8082 150.0 188
223.1378 150.0 188
223.5938 149.0 188
223.9178 149.0 188
224.2474 149.0 188
224.5770 149.0 188
224.9506 148.0 188
225.2802 148.0 188
225.6042 148.0 188
225.9338 148.0 188
226.2634 148.0 188
226.6534 147.0 188
226.9830 147.0 188
227.3071 147.0 188
227.6367 147.0 188
227.9663 147.0 188
228.2959 147.0 188
228.6859 146.0 188
229.0155 146.0 188
229.3396 146.0 188
229.6692 146.0 188
229.9988 146.0 188
230.3888 145.0 188
230.7184 145.0 188
231.0425 145.0 188
231.3721 145.0 188
231.7017 145.0 188
232.0313 145.0 188
232.3553 145.0 188
232.6849 145.0 188
233.0585 144.0 188
233.3881 144.0 188
233.7177 144.0 188
234.0417 144.0 188
234.4373 143.0 188
235.2612 141.0 188
236.5576 146.0 188
236.9531 145.0 188
237.2772 145.0 188
237.6068 145.0 188
237.9364 145.0 188
238.9197 145.0 188
246.5936 110.0 188
247.0441 109.0 188
247.4835 108.0 188
247.8076 108.0 188
248.2471 107.0 188
248.5767 107.0 188
249.0271 106.0 188
249.3567 106.0 188
249.6863 106.0 188
250.1862 105.0 188
250.5103 105.0 188
250.8398 105.0 188
251.1694 105.0 188
251.4990 105.0 188
251.8231 105.0 188
252.2626 104.0 188
252.5922 104.0 188
252.9218 104.0 188
253.2458 104.0 188
253.5754 104.0 188
253.9050 104.0 188
254.5587 104.0 188
254.8883 104.0 188
255.5420 104.0 188
257.5140 104.0 188
267.4951 111.0 188
270.8240 144.0 188
271.0931 145.0 188
271.4172 145.0 188
273.3398 146.0 188
289.0118 133.0 188
289.4513 132.0 188
289.7809 132.0 188
290.1050 132.0 188
290.4840 131.0 188
290.8081 131.0 188
291.1377 131.0 188
291.4673 131.0 188
291.7969 131.0 188
292.2473 130.0 188
292.6208 129.0 188
292.9504 129.0 188
293.2800 129.0 188
293.6041 129.0 188
293.9337 129.0 188
294.3732 128.0 188
294.7632 127.0 188
295.0928 127.0 188
295.4169 127.0 188
295.7465 127.0 188
296.0760 127.0 188
296.5155 126.0 188
296.8396 126.0 188
297.1692 126.0 188
297.4988 126.0 188
298.4821 126.0 188
298.8116 126.0 188
299.0259 127.0 188
299.3555 127.0 188
300.4980 129.0 188
300.6519 131.0 188
300.9814 131.0 188
301.3110 131.0 188
301.6406 131.0 188
301.9647 131.0 188
302.2339 132.0 188
302.5580 132.0 188
302.8876 132.0 188
303.1073 133.0 188
303.4369 133.0 188
303.7610 133.0 188
304.0906 133.0 188
304.4202 133.0 188
304.7498 133.0 188
305.0739 133.0 188
305.4034 133.0 188
305.7330 133.0 188
306.0571 133.0 188
306.3263 134.0 188
306.6559 134.0 188
306.9800 134.0 188
307.3096 134.0 188
307.6392 134.0 188
307.9193 135.0 188
308.2489 135.0 188
308.5730 135.0 188
308.9026 135.0 188
309.2322 135.0 188
309.5618 135.0 188
309.7760 136.0 188
310.1056 136.0 188
310.4352 136.0 188
310.7648 136.0 188
311.0889 136.0 188
311.3580 137.0 188
311.6821 137.0 188
312.0117 137.0 188
312.3413 137.0 188
312.6050 138.0 188
312.9346 138.0 188
313.2642 138.0 188
313.5938 138.0 188
313.9178 138.0 188
314.1376 139.0 188
314.4672 139.0 188
314.7968 139.0 188
315.1208 139.0 188
315.3900 140.0 188
315.7306 140.0 188
316.0602 140.0 188
316.3898 140.0 188
316.6534 141.0 188
316.9830 141.0 188
317.2467 142.0 188
317.5763 142.0 188
317.9059 142.0 188
318.2300 142.0 188
318.4497 143.0 188
318.7793 143.0 188
319.1089 143.0 188
319.3726 144.0 188
319.7021 144.0 188
320.0262 144.0 188
320.3119 145.0 188
320.6360 145.0 188
320.9656 145.0 188
321.2292 146.0 188
321.5588 146.0 188
321.8390 147.0 188
322.1686 147.0 188
322.4323 148.0 188
322.7618 148.0 188
323.0914 148.0 188
323.3551 149.0 188
323.6847 149.0 188
323.9044 150.0 188
324.2340 150.0 188
324.5581 150.0 188
324.8438 151.0 188
325.1678 151.0 188
325.4370 152.0 188
325.7611 152.0 188
326.0303 153.0 188
326.3544 153.0 188
326.6400 154.0 188
326.9641 154.0 188
327.2333 155.0 188
327.5574 155.0 188
327.8430 156.0 188
328.1671 156.0 188
328.4363 157.0 188
328.7604 157.0 188
329.0295 158.0 188
329.3591 158.0 188
329.6393 159.0 188
329.9634 159.0 188
330.2325 160.0 188
330.5621 160.0 188
330.8423 161.0 188
331.1719 161.0 188
331.4355 162.0 188
331.6992 163.0 188
332.0288 163.0 188
332.3090 164.0 188
332.6385 165.0 188
332.9022 166.0 188
333.2318 166.0 188
333.5120 167.0 188
333.8416 167.0 188
334.1052 168.0 188
334.3744 169.0 188
334.6545 170.0 188
334.9841 170.0 188
335.2478 171.0 188
335.5280 172.0 188
335.8575 173.0 188
336.1871 173.0 188
336.4508 174.0 188
336.7145 175.0 188
336.9946 176.0 188
337.3077 176.0 188
337.5934 177.0 188
337.9175 178.0 188
338.1866 179.0 188
338.4503 180.0 188
338.7305 181.0 188
339.0601 182.0 188
339.3237 183.0 188
339.5929 184.0 188
339.8730 185.0 188
340.2026 186.0 188
340.4663 187.0 188
340.7300 188.0 188
341.0596 189.0 188
341.3892 189.0 188
341.6528 190.0 188
341.9330 191.0 188
342.2626 192.0 188
342.5262 193.0 188
342.7954 195.0 188
343.1250 195.0 188
343.4052 196.0 188
343.6688 198.0 188
343.9325 199.0 188
344.2181 200.0 188
344.5422 201.0 188
344.8114 203.0 188
345.0751 204.0 188
345.3552 205.0 188
345.6244 207.0 188
346.2781 207.0 188
349.5465 452.0 188
349.8706 448.0 188
350.2606 446.0 188
350.5902 445.0 188
350.9198 443.0 188
351.2494 442.0 188
351.5735 440.0 188
351.9525 438.0 188
352.2766 437.0 188
352.6062 436.0 188
352.9358 434.0 188
353.2654 433.0 188
353.6389 431.0 188
353.9685 428.0 188
354.3585 421.0 188
354.7321 416.0 188
