355.9790 319.0 188
356.3086 318.0 188
356.6382 317.0 188
356.9678 316.0 188
357.3413 315.0 188
357.6709 314.0 188
357.9950 313.0 188
358.3246 313.0 188
358.6542 312.0 188
359.0442 311.0 188
359.3738 310.0 188
359.6979 310.0 188
0.0275 309.0 188
0.3571 308.0 188
0.6866 308.0 188
1.0767 307.0 188
1.4063 306.0 188
1.7303 305.0 188
2.0599 305.0 188
2.3895 304.0 188
2.7795 303.0 188
3.1091 303.0 188
3.4332 302.0 188
3.7628 302.0 188
4.0924 301.0 188
4.4165 301.0 188
4.7461 300.0 188
5.1196 299.0 188
5.4492 299.0 188
5.7788 298.0 188
6.1084 298.0 188
6.4325 298.0 188
6.7621 297.0 188
7.0917 297.0 188
7.4817 296.0 188
7.8113 296.0 188
8.1354 296.0 188
8.4650 295.0 188
8.7946 295.0 188
9.1241 294.0 188
9.4482 294.0 188
9.7778 293.0 188
10.1074 293.0 188
10.4370 293.0 188
10.8270 292.0 188
11.1511 292.0 188
11.4807 292.0 188
11.8103 291.0 188
12.1399 291.0 188
12.4640 291.0 188
12.7936 291.0 188
13.1232 290.0 188
13.4528 290.0 188
13.7769 290.0 188
14.1064 290.0 188
14.4360 290.0 188
14.8260 289.0 188
15.1556 289.0 188
16.1389 289.0 188
16.4685 288.0 188
16.7926 288.0 188
17.0728 290.0 188
19.4019 240.0 188
19.7314 239.0 188
20.1050 237.0 188
20.4950 236.0 188
20.8246 235.0 188
21.2146 234.0 188
23.4338 193.0 188
23.8239 192.0 188
24.2633 189.0 188
24.6533 187.0 188
24.9829 187.0 188
25.3564 186.0 188
25.8124 183.0 188
26.1859 182.0 188
26.5155 182.0 188
26.8396 182.0 188
27.1692 181.0 188
27.4988 181.0 188
27.8888 180.0 188
28.2184 180.0 188
28.6084 179.0 188
28.9325 179.0 188
29.2621 179.0 188
29.5917 179.0 188
29.9817 178.0 188
30.3113 177.0 188
30.6848 176.0 188
31.0144 176.0 188
31.2946 178.0 188
31.5582 179.0 188
31.8878 179.0 188
32.2174 179.0 188
32.5415 179.0 188
32.8711 179.0 188
33.8544 179.0 188
36.7163 182.0 188
41.0614 166.0 188
41.4514 165.0 188
41.7810 164.0 188
42.1051 164.0 188
42.4841 163.0 188
42.8741 162.0 188
43.1982 162.0 188
43.5938 161.0 188
43.9178 161.0 188
44.3079 160.0 188
44.6375 160.0 188
45.0769 158.0 188
45.4669 157.0 188
45.7965 157.0 188
46.1206 157.0 188
46.8402 156.0 188
61.0126 132.0 188
61.4026 131.0 188
61.7322 131.0 188
62.1716 130.0 188
62.5616 129.0 188
62.9956 128.0 188
63.3856 127.0 188
63.8416 126.0 188
64.2151 125.0 188
64.6710 124.0 188
64.9951 124.0 188
65.3906 123.0 188
65.7147 123.0 188
66.1542 122.0 188
66.6046 121.0 188
66.9342 121.0 188
67.3077 120.0 188
67.7637 119.0 188
68.0933 119.0 188
68.5272 118.0 188
68.9832 117.0 188
69.3073 117.0 188
69.7028 116.0 188
70.1367 115.0 188
70.4663 115.0 188
70.9167 114.0 188
71.2463 114.0 188
71.6858 113.0 188
72.0154 113.0 188
72.4658 112.0 188
72.7954 112.0 188
73.2294 111.0 188
73.5590 111.0 188
74.0149 110.0 188
74.3390 110.0 188
74.6686 110.0 188
75.1080 109.0 188
75.4321 109.0 188
75.7617 109.0 188
76.2177 108.0 188
76.5417 108.0 188
76.8713 108.0 188
77.2009 108.0 188
77.6514 107.0 188
77.9810 107.0 188
78.3105 107.0 188
78.6401 107.0 188
78.9642 107.0 188
79.4202 106.0 188
79.7498 106.0 188
80.0739 106.0 188
80.4034 106.0 188
80.7330 106.0 188
81.2329 105.0 188
81.5625 105.0 188
81.8866 105.0 188
82.2162 105.0 188
82.5458 105.0 188
82.8699 105.0 188
83.1995 105.0 188
83.5291 105.0 188
83.9795 104.0 188
84.9683 104.0 188
85.6219 104.0 188
85.9515 104.0 188
115.8893 104.0 188
116.2134 104.0 188
116.5430 104.0 188
116.8726 104.0 188
117.2021 104.0 188
117.4219 105.0 188
117.7460 105.0 188
118.0756 105.0 188
118.4052 105.0 188
118.7292 105.0 188
119.0588 105.0 188
119.3884 105.0 188
119.7180 105.0 188
120.0421 105.0 188
120.2014 106.0 188
120.5310 106.0 188
120.8551 106.0 188
121.1847 106.0 188
121.5143 106.0 188
121.8384 106.0 188
122.0581 107.0 188
122.3877 107.0 188
122.7173 107.0 188
123.0469 107.0 188
130.5286 516.0 188
130.8582 516.0 188
131.5118 516.0 188
132.9346 499.0 188
133.2642 500.0 188
133.5938 500.0 188
137.3236 474.0 188
137.7026 471.0 188
138.0267 465.0 188
138.4167 460.0 188
138.7463 459.0 188
139.0759 456.0 188
139.4495 453.0 188
139.7791 449.0 188
140.1691 446.0 188
140.4987 443.0 188
140.8228 440.0 188
141.2183 438.0 188
141.5424 435.0 188
141.8719 432.0 188
142.2455 429.0 188
142.5751 425.0 188
142.9651 421.0 188
144.0143 416.0 188
144.6680 415.0 188
144.9976 416.0 188
145.3271 412.0 188
145.7007 407.0 188
146.0907 402.0 188
146.4203 399.0 188
146.7499 397.0 188
147.1399 395.0 188
147.4640 393.0 188
147.7936 391.0 188
148.1671 388.0 188
148.4967 386.0 188
148.8263 385.0 188
149.2163 382.0 188
149.5459 379.0 188
149.8700 380.0 188
150.1996 379.0 188
150.5731 376.0 188
150.9027 373.0 188
151.2927 372.0 188
151.6223 370.0 188
151.9519 368.0 188
152.3419 366.0 188
152.6715 365.0 188
152.9956 364.0 188
153.3252 362.0 188
153.6987 360.0 188
154.0283 358.0 188
154.3579 357.0 188
154.7479 355.0 188
155.0775 352.0 188
155.4016 352.0 188
155.7916 351.0 188
156.1212 350.0 188
156.4508 349.0 188
156.7804 347.0 188
157.4835 346.0 188
161.7792 274.0 188
162.1692 272.0 188
162.5592 269.0 188
162.8888 268.0 188
163.2623 267.0 188
163.5919 266.0 188
163.9215 265.0 188
164.3115 264.0 188
164.6356 264.0 188
164.9652 263.0 188
165.2948 263.0 188
165.6244 262.0 188
165.9485 262.0 188
166.6077 262.0 188
173.1555 300.0 188
174.0289 286.0 188
183.9825 222.0 188
184.4165 218.0 188
184.7955 216.0 188
185.5151 215.0 188
186.2292 212.0 188
186.6687 210.0 188
187.7179 208.0 188
188.0914 205.0 188
188.4814 204.0 188
188.8550 203.0 188
189.1846 202.0 188
189.5746 201.0 188
189.9042 200.0 188
190.3436 198.0 188
190.6677 197.0 188
191.0577 196.0 188
191.4478 195.0 188
191.7773 195.0 188
192.1069 194.0 188
192.4805 193.0 188
192.8705 192.0 188
193.2001 191.0 188
193.5736 190.0 188
193.9032 190.0 188
194.2932 189.0 188
194.6228 188.0 188
195.0128 187.0 188
195.3864 186.0 188
195.7159 185.0 188
196.0455 185.0 188
196.4355 184.0 188
196.8256 183.0 188
197.1991 182.0 188
197.5287 181.0 188
197.8583 181.0 188
198.2483 180.0 188
198.5779 180.0 188
198.9514 179.0 188
199.3414 178.0 188
199.6710 178.0 188
199.9951 177.0 188
200.3247 177.0 188
200.7147 176.0 188
201.0443 176.0 188
201.4178 175.0 188
201.8079 174.0 188
202.1375 174.0 188
202.4670 174.0 188
202.8406 173.0 188
203.1702 173.0 188
203.4998 172.0 188
203.8239 172.0 188
204.2139 171.0 188
204.5435 171.0 188
204.9170 170.0 188
205.2466 170.0 188
205.5762 170.0 188
205.9662 169.0 188
206.2958 169.0 188
206.9495 169.0 188
215.8704 120.0 188
216.3098 119.0 188
216.8701 117.0 188
217.2491 116.0 188
217.5732 116.0 188
218.0292 115.0 188
218.4686 114.0 188
218.9026 113.0 188
219.2322 113.0 188
219.6716 112.0 188
219.9957 112.0 188
220.4517 111.0 188
220.7813 111.0 188
221.1053 111.0 188
221.5448 110.0 188
221.8744 110.0 188
222.1985 110.0 188
222.6379 109.0 188
222.9675 109.0 188
223.2916 109.0 188
223.6212 109.0 188
224.0607 108.0 188
224.3903 108.0 188
225.4999 107.0 188
227.2302 109.0 188
228.5156 115.0 188
238.8428 145.0 188
239.3262 148.0 188
239.4800 150.0 188
239.7656 151.0 188
240.3094 153.0 188
241.1993 155.0 188
257.7338 117.0 188
258.1238 116.0 188
258.4479 116.0 188
258.7939 116.0 188
259.2334 115.0 188
259.5575 115.0 188
259.9036 115.0 188
260.3430 114.0 188
260.6671 114.0 188
260.9967 114.0 188
261.4526 113.0 188
261.7767 113.0 188
262.2327 112.0 188
262.5623 112.0 188
262.8864 112.0 188
263.2159 112.0 188
263.5620 112.0 188
263.9960 111.0 188
264.3256 111.0 188
264.6716 111.0 188
264.9957 111.0 188
265.4352 110.0 188
265.7648 110.0 188
266.1053 110.0 188
266.4349 110.0 188
266.7645 110.0 188
267.2150 109.0 188
267.5446 109.0 188
267.8741 109.0 188
268.1982 109.0 188
268.5278 109.0 188
268.8739 109.0 188
269.3079 108.0 188
269.6375 108.0 188
269.9670 108.0 188
270.2966 108.0 188
270.6207 108.0 188
270.9503 108.0 188
271.2799 108.0 188
271.6040 108.0 188
271.9336 108.0 188
272.3895 107.0 188
272.7136 107.0 188
273.0432 107.0 188
273.3728 107.0 188
273.7024 107.0 188
274.0265 107.0 188
274.3561 107.0 188
274.6857 107.0 188
275.0153 107.0 188
275.3394 107.0 188
275.6689 107.0 188
275.9985 107.0 188
276.3281 107.0 188
276.6522 107.0 188
277.0917 106.0 188
277.4323 106.0 188
277.7618 106.0 188
278.0914 106.0 188
278.2947 107.0 188
278.7451 106.0 188
279.0747 106.0 188
279.4043 106.0 188
279.7339 106.0 188
280.0580 106.0 188
280.3876 106.0 188
280.7172 106.0 188
281.0468 106.0 188
281.5466 105.0 188
281.8707 105.0 188
282.2003 105.0 188
282.5299 105.0 188
282.8540 105.0 188
283.1836 105.0 188
283.5132 105.0 188
283.8428 105.0 188
284.1669 105.0 188
284.4965 105.0 188
284.8260 105.0 188
285.1556 105.0 188
285.4797 105.0 188
285.8093 105.0 188
286.1389 105.0 188
286.4685 105.0 188
286.6223 106.0 188
286.9519 106.0 188
287.2760 106.0 188
287.6056 106.0 188
287.9517 106.0 188
288.2813 106.0 188
288.6053 106.0 188
288.9349 106.0 188
289.2645 106.0 188
289.5886 106.0 188
289.9182 106.0 188
290.2478 106.0 188
290.4510 107.0 188
290.7806 107.0 188
291.1047 107.0 188
291.4508 107.0 188
291.7804 107.0 188
292.1045 107.0 188
292.4341 107.0 188
292.7637 107.0 188
293.0933 107.0 188
293.4174 107.0 188
293.7469 107.0 188
294.0765 107.0 188
294.2798 108.0 188
294.6094 108.0 188
294.9335 108.0 188
295.2795 108.0 188
295.6091 108.0 188
295.9332 108.0 188
296.2628 108.0 188
296.5924 108.0 188
296.9165 108.0 188
297.2461 108.0 188
297.4493 109.0 188
297.7789 109.0 188
298.1085 109.0 188
298.4326 109.0 188
298.7787 109.0 188
299.1083 109.0 188
299.3115 110.0 188
299.6356 110.0 188
299.9652 110.0 188
300.2948 110.0 188
300.6244 110.0 188
300.9650 110.0 188
301.1682 111.0 188
301.4978 111.0 188
301.8384 111.0 188
302.1680 111.0 188
302.3712 112.0 188
302.7173 112.0 188
303.0469 112.0 188
303.3710 112.0 188
303.7006 112.0 188
303.9203 113.0 188
304.2499 113.0 188
304.5740 113.0 188
304.7937 114.0 188
305.1233 114.0 188
305.4529 114.0 188
305.6671 115.0 188
305.9967 115.0 188
306.3263 115.0 188
306.6559 115.0 188
306.9800 115.0 188
307.1997 116.0 188
307.5293 116.0 188
307.8589 116.0 188
308.1226 117.0 188
308.4686 117.0 188
308.6719 118.0 188
308.9960 118.0 188
309.3420 118.0 188
309.6716 118.0 188
309.8749 119.0 188
310.2155 119.0 188
310.5450 119.0 188
310.7483 120.0 188
311.0889 120.0 188
311.4185 120.0 188
311.6821 121.0 188
312.0117 121.0 188
312.3413 121.0 188
312.5610 122.0 188
312.8906 122.0 188
313.2147 122.0 188
313.4344 123.0 188
313.7640 123.0 188
314.0442 124.0 188
314.3738 124.0 188
314.6979 124.0 188
314.9176 125.0 188
315.2472 125.0 188
315.5768 125.0 188
315.8405 126.0 188
316.1865 126.0 188
316.3898 127.0 188
316.7139 127.0 188
316.9995 128.0 188
317.3236 128.0 188
317.5433 129.0 188
317.8729 129.0 188
318.1366 130.0 188
318.4662 130.0 188
318.6859 131.0 188
319.0155 131.0 188
319.3396 131.0 188
319.6198 132.0 188
319.9493 132.0 188
320.1691 133.0 188
320.4987 133.0 188
320.7623 134.0 188
321.0425 135.0 188
321.3721 135.0 188
321.5918 136.0 188
321.9214 136.0 188
322.1851 137.0 188
322.5311 137.0 188
322.7948 138.0 188
323.0145 139.0 188
323.3386 139.0 188
323.6078 140.0 188
323.8879 141.0 188
324.2175 141.0 188
324.4812 142.0 188
324.7009 143.0 188
325.0305 143.0 188
325.3107 144.0 188
325.5743 145.0 188
325.8545 146.0 188
326.1841 146.0 188
326.4478 147.0 188
326.7938 147.0 188
327.0575 148.0 188
327.3267 149.0 188
327.5464 150.0 188
327.8705 150.0 188
328.1561 151.0 188
328.4198 152.0 188
328.7494 152.0 188
329.0295 153.0 188
329.2932 154.0 188
329.5734 155.0 188
329.8425 156.0 188
330.1062 157.0 188
330.3864 158.0 188
330.6555 159.0 188
330.9796 159.0 188
331.2653 160.0 188
331.4795 162.0 188
331.7487 163.0 188
332.0728 163.0 188
332.3419 164.0 188
332.6715 165.0 188
337.1979 409.0 188
337.5275 405.0 188
337.8571 404.0 188
338.2471 402.0 188
338.5767 400.0 188
338.9063 399.0 188
339.2303 397.0 188
339.6094 396.0 188
339.9335 394.0 188
340.2631 393.0 188
340.5927 392.0 188
340.9827 390.0 188
341.3123 389.0 188
341.6364 388.0 188
341.9659 385.0 188
342.4054 378.0 188
342.7295 373.0 188
343.1250 370.0 188
343.4491 368.0 188
343.8391 366.0 188
344.1687 364.0 188
344.4983 362.0 188
344.8718 360.0 188
345.2014 358.0 188
345.5310 357.0 188
345.9210 355.0 188
346.2451 354.0 188
346.5747 352.0 188
346.9647 350.0 188
347.2943 349.0 188
347.6239 347.0 188
347.9974 345.0 188
348.3270 344.0 188
348.6511 343.0 188
348.9807 342.0 188
349.3707 340.0 188
349.7003 339.0 188
350.0299 337.0 188
350.4199 336.0 188
350.7495 335.0 188
351.0736 334.0 188
351.4526 332.0 188
351.7767 331.0 188
352.1063 330.0 188
352.4359 329.0 188
352.7765 328.0 188
353.1555 327.0 188
353.4796 326.0 188
353.8092 325.0 188
354.1388 324.0 188
354.5288 323.0 188
354.8584 322.0 188
355.1825 321.0 188
355.5121 320.0 188
355.8856 319.0 188
