357.2919 250.0 188
357.6215 250.0 188
357.9510 250.0 188
358.2806 249.0 188
358.6047 249.0 188
358.9343 249.0 188
359.2639 249.0 188
359.5935 249.0 188
359.9670 248.0 188
0.2966 248.0 188
0.6207 247.0 188
0.9503 247.0 188
1.2799 247.0 188
1.6040 247.0 188
1.9336 247.0 188
2.2632 246.0 188
2.5928 246.0 188
2.9169 246.0 188
3.3124 245.0 188
3.6365 245.0 188
3.9661 245.0 188
4.2957 245.0 188
4.6198 245.0 188
4.9493 245.0 188
5.2789 244.0 188
5.6085 244.0 188
5.9326 244.0 188
6.2622 244.0 188
6.9214 244.0 188
9.6075 243.0 188
9.9371 243.0 188
12.9364 196.0 188
13.3099 195.0 188
13.6395 194.0 188
14.0295 193.0 188
14.4196 192.0 188
14.7491 192.0 188
15.0732 191.0 188
15.4688 190.0 188
15.7928 190.0 188
16.5125 189.0 188
19.8578 148.0 188
20.2917 146.0 188
20.6873 145.0 188
21.0773 144.0 188
21.4673 143.0 188
21.9012 142.0 188
22.2308 142.0 188
22.6208 141.0 188
22.9999 140.0 188
23.3405 140.0 188
23.6700 140.0 188
24.0436 139.0 188
24.3732 139.0 188
25.2136 137.0 188
25.7629 134.0 188
26.1530 133.0 188
26.4825 133.0 188
26.7462 134.0 188
27.0758 134.0 188
27.4219 134.0 188
28.4491 133.0 188
32.2778 139.0 188
32.6239 139.0 188
32.8876 140.0 188
33.2172 140.0 188
33.4808 141.0 188
33.8269 141.0 188
44.1046 131.0 188
44.4342 131.0 188
44.8901 130.0 188
45.2142 130.0 188
45.5933 129.0 188
45.9338 129.0 188
46.2634 129.0 188
46.5930 129.0 188
47.0270 128.0 188
47.3566 128.0 188
47.6862 128.0 188
48.0762 127.0 188
48.4058 127.0 188
48.8562 126.0 188
49.9054 125.0 188
50.4987 126.0 188
50.6525 128.0 188
50.8722 129.0 188
51.2018 129.0 188
51.5259 129.0 188
51.8719 129.0 188
52.2015 129.0 188
52.4652 130.0 188
52.7948 130.0 188
53.1244 130.0 188
53.3386 131.0 188
53.6682 131.0 188
53.9484 132.0 188
54.2780 132.0 188
54.6075 132.0 188
55.1514 133.0 188
74.7455 111.0 188
75.0751 111.0 188
75.5310 110.0 188
75.8551 110.0 188
76.1847 110.0 188
76.5143 110.0 188
76.8384 110.0 188
77.1680 110.0 188
77.4976 110.0 188
77.9480 109.0 188
78.2776 109.0 188
78.6072 109.0 188
78.9368 109.0 188
79.3872 108.0 188
79.7168 108.0 188
80.0464 108.0 188
80.3705 108.0 188
80.8099 107.0 188
81.1560 107.0 188
81.4801 107.0 188
81.8097 107.0 188
82.1393 107.0 188
82.4634 107.0 188
82.7930 107.0 188
83.1226 107.0 188
83.4521 107.0 188
83.7762 107.0 188
84.1058 107.0 188
84.5618 106.0 188
84.8859 106.0 188
85.2155 106.0 188
85.5450 106.0 188
85.8746 106.0 188
86.1987 106.0 188
86.5283 106.0 188
86.8744 106.0 188
87.1985 106.0 188
87.5281 106.0 188
87.8577 106.0 188
88.1873 106.0 188
88.5114 106.0 188
88.8409 106.0 188
89.1705 106.0 188
89.4946 106.0 188
89.8242 106.0 188
90.3241 105.0 188
90.6702 105.0 188
90.9998 105.0 188
91.3239 105.0 188
91.6534 105.0 188
91.9830 105.0 188
92.3071 105.0 188
92.6367 105.0 188
92.9663 105.0 188
93.2959 105.0 188
93.6200 105.0 188
93.9661 105.0 188
94.2957 105.0 188
94.6198 105.0 188
95.6085 105.0 188
95.9326 105.0 188
96.3721 104.0 188
96.7181 104.0 188
97.0422 104.0 188
97.2455 105.0 188
97.5916 105.0 188
97.9211 105.0 188
98.2452 105.0 188
98.5748 105.0 188
98.9044 105.0 188
99.2340 105.0 188
99.5581 105.0 188
99.8877 105.0 188
100.2173 105.0 188
100.5469 105.0 188
100.8710 105.0 188
101.2170 105.0 188
101.3708 106.0 188
101.7004 106.0 188
102.0300 106.0 188
102.3541 106.0 188
102.6837 106.0 188
103.0133 106.0 188
103.3429 106.0 188
103.6670 106.0 188
103.9966 106.0 188
104.3262 106.0 188
104.6667 106.0 188
104.8700 107.0 188
105.1996 107.0 188
105.5457 107.0 188
105.8698 107.0 188
106.1993 107.0 188
106.5289 107.0 188
106.8585 107.0 188
107.1826 107.0 188
107.5122 107.0 188
107.8418 107.0 188
108.1714 107.0 188
108.4955 107.0 188
108.7152 108.0 188
109.0448 108.0 188
109.3744 108.0 188
109.6985 108.0 188
110.0281 108.0 188
110.3741 108.0 188
110.6982 108.0 188
110.9015 109.0 188
111.2311 109.0 188
111.5771 109.0 188
111.9012 109.0 188
112.2308 109.0 188
112.4341 110.0 188
112.7802 110.0 188
113.1042 110.0 188
113.4338 110.0 188
113.7634 110.0 188
113.9667 111.0 188
114.2963 111.0 188
114.6204 111.0 188
114.8401 112.0 188
115.1697 112.0 188
115.4993 112.0 188
115.8234 112.0 188
116.0431 113.0 188
116.3727 113.0 188
116.5924 114.0 188
116.9165 114.0 188
117.2461 114.0 188
117.5757 114.0 188
117.7954 115.0 188
118.1250 115.0 188
118.4491 115.0 188
118.6688 116.0 188
118.9984 116.0 188
119.3280 116.0 188
119.5917 117.0 188
119.9213 117.0 188
120.1355 118.0 188
120.4651 118.0 188
120.7947 118.0 188
121.0144 119.0 188
121.3385 119.0 188
121.5582 120.0 188
121.8878 120.0 188
122.2174 120.0 188
122.4811 121.0 188
122.8107 121.0 188
123.0304 122.0 188
123.3545 122.0 188
123.5742 123.0 188
123.9038 123.0 188
124.1675 124.0 188
124.4971 124.0 188
124.7168 125.0 188
125.0464 125.0 188
125.3705 125.0 188
125.6396 126.0 188
125.9802 126.0 188
126.1835 127.0 188
126.4636 128.0 188
126.7932 128.0 188
126.9965 129.0 188
127.3425 129.0 188
127.6062 130.0 188
127.8259 131.0 188
128.1555 131.0 188
128.4192 132.0 188
128.6389 133.0 188
128.9685 133.0 188
129.2322 134.0 188
130.1715 135.0 188
135.6042 478.0 188
135.9998 468.0 188
136.3239 464.0 188
136.7029 462.0 188
137.0270 460.0 188
137.3566 456.0 188
137.7466 453.0 188
138.0762 450.0 188
138.4662 447.0 188
138.7958 447.0 188
139.1199 445.0 188
139.4495 442.0 188
139.7791 440.0 188
140.1526 437.0 188
140.4822 435.0 188
140.8118 434.0 188
141.1359 432.0 188
141.5259 430.0 188
141.8555 428.0 188
142.1851 425.0 188
142.5146 424.0 188
142.8882 421.0 188
143.2178 418.0 188
143.5419 418.0 188
143.8715 418.0 188
144.2615 415.0 188
144.5911 413.0 188
144.9207 411.0 188
145.2448 410.0 188
145.5743 412.0 188
145.9039 414.0 188
156.2805 118.0 188
149.1394 384.0 188
149.4031 385.0 188
149.7327 387.0 188
150.0623 388.0 188
150.3864 387.0 188
150.7159 387.0 188
151.0455 385.0 188
152.0892 384.0 188
152.7484 381.0 188
153.0780 379.0 188
154.2920 329.0 188
154.7314 322.0 188
155.1050 318.0 188
155.4950 314.0 188
155.8246 312.0 188
156.2146 310.0 188
156.5442 309.0 188
156.8738 308.0 188
157.2473 307.0 188
157.5769 306.0 188
157.9010 306.0 188
158.2306 305.0 188
158.5602 304.0 188
158.9502 301.0 188
159.2798 300.0 188
159.9335 300.0 188
166.2946 154.0 188
168.7500 304.0 188
169.1840 299.0 188
169.5135 297.0 188
169.9036 294.0 188
170.2771 290.0 188
170.6671 287.0 188
171.0571 284.0 188
171.4362 282.0 188
171.7603 280.0 188
172.1558 278.0 188
172.5458 276.0 188
172.9193 273.0 188
173.2654 271.0 188
173.6389 269.0 188
173.9685 268.0 188
174.3585 266.0 188
174.7485 264.0 188
175.0781 262.0 188
175.4517 260.0 188
175.7813 259.0 188
176.1713 258.0 188
176.5613 256.0 188
176.8854 254.0 188
177.2644 253.0 188
177.6050 251.0 188
177.9840 250.0 188
178.3081 249.0 188
178.6981 248.0 188
179.0277 246.0 188
179.4177 245.0 188
179.7968 243.0 188
180.1208 242.0 188
180.5109 241.0 188
180.8405 240.0 188
181.1700 239.0 188
181.5601 237.0 188
181.8896 237.0 188
182.2797 236.0 188
182.6532 234.0 188
182.9828 233.0 188
183.3124 232.0 188
183.7024 231.0 188
184.0265 230.0 188
184.4165 229.0 188
184.7461 228.0 188
185.1361 227.0 188
185.4657 226.0 188
185.8392 225.0 188
186.1688 225.0 188
186.5149 224.0 188
186.8884 223.0 188
187.2180 222.0 188
187.6080 221.0 188
188.2617 220.0 188
188.6517 219.0 188
189.3109 219.0 188
189.6405 218.0 188
190.0305 216.0 188
190.4041 215.0 188
191.4038 215.0 188
197.9352 159.0 188
198.3746 157.0 188
198.7646 156.0 188
199.1547 155.0 188
199.5282 154.0 188
199.9182 153.0 188
200.3082 152.0 188
200.6378 152.0 188
201.0278 151.0 188
201.4014 150.0 188
201.7310 150.0 188
202.1869 149.0 188
202.5110 149.0 188
202.8406 149.0 188
203.2306 148.0 188
203.6041 147.0 188
203.9996 146.0 188
204.3237 146.0 188
204.6533 146.0 188
205.3125 146.0 188
207.4988 148.0 188
207.7625 149.0 188
208.0920 149.0 188
208.4216 149.0 188
208.7457 149.0 188
208.9655 150.0 188
209.2950 150.0 188
209.6246 150.0 188
209.9048 151.0 188
210.2344 151.0 188
210.4980 152.0 188
210.8276 152.0 188
211.1078 153.0 188
211.3715 154.0 188
211.6406 155.0 188
211.9208 156.0 188
212.1844 157.0 188
212.4646 158.0 188
217.6062 197.0 188
232.1356 130.0 188
232.5146 129.0 188
232.8387 129.0 188
233.2947 128.0 188
233.6682 127.0 188
234.0143 127.0 188
234.4482 126.0 188
234.7778 126.0 188
235.1678 125.0 188
235.6073 124.0 188
235.9973 123.0 188
236.3269 123.0 188
236.7609 122.0 188
237.0905 122.0 188
237.5464 121.0 188
237.9199 120.0 188
238.2495 120.0 188
238.5901 120.0 188
239.0295 119.0 188
239.4635 118.0 188
239.8096 118.0 188
240.2490 117.0 188
240.5731 117.0 188
240.9686 116.0 188
241.4191 115.0 188
241.7487 115.0 188
242.1826 114.0 188
242.5122 114.0 188
242.8418 114.0 188
243.2922 113.0 188
243.6218 113.0 188
244.0613 112.0 188
244.4019 112.0 188
244.8413 111.0 188
245.1709 111.0 188
245.4950 111.0 188
245.9509 110.0 188
246.2805 110.0 188
246.6046 110.0 188
247.0605 109.0 188
247.3901 109.0 188
247.7142 109.0 188
248.1537 108.0 188
248.4998 108.0 188
248.8239 108.0 188
249.1534 108.0 188
249.4830 108.0 188
249.9170 107.0 188
250.2631 107.0 188
250.5927 107.0 188
250.9167 107.0 188
251.2463 107.0 188
251.7023 106.0 188
252.0264 106.0 188
252.3560 106.0 188
252.6855 106.0 188
253.0151 106.0 188
253.3392 106.0 188
253.6688 106.0 188
254.1852 105.0 188
254.5148 105.0 188
254.8389 105.0 188
255.1685 105.0 188
255.4980 105.0 188
255.8276 105.0 188
256.1517 105.0 188
256.4978 105.0 188
256.8274 105.0 188
257.1515 105.0 188
257.4811 105.0 188
257.9370 104.0 188
258.2611 104.0 188
258.5907 104.0 188
258.9203 104.0 188
259.2499 104.0 188
259.5740 104.0 188
286.6223 104.0 188
286.9519 104.0 188
287.2760 104.0 188
287.6056 104.0 188
287.9352 104.0 188
288.2813 104.0 188
288.6053 104.0 188
288.9349 104.0 188
289.1382 105.0 188
289.4843 105.0 188
289.8083 105.0 188
290.1379 105.0 188
290.4675 105.0 188
290.7916 105.0 188
291.1212 105.0 188
291.4508 105.0 188
291.7804 105.0 188
292.1045 105.0 188
292.4341 105.0 188
292.7637 105.0 188
293.0933 105.0 188
293.2635 106.0 188
293.5931 106.0 188
293.9172 106.0 188
294.2468 106.0 188
294.5764 106.0 188
294.9060 106.0 188
295.2301 106.0 188
295.4498 107.0 188
295.7794 107.0 188
296.1090 107.0 188
296.4331 107.0 188
296.7627 107.0 188
297.0923 107.0 188
297.3120 108.0 188
297.6361 108.0 188
297.9657 108.0 188
298.1854 109.0 188
298.5150 109.0 188
298.8391 109.0 188
299.0588 110.0 188
299.3884 110.0 188
299.7180 110.0 188
299.9323 111.0 188
300.2618 111.0 188
300.4816 112.0 188
300.8112 112.0 188
301.1353 112.0 188
301.4648 112.0 188
301.6846 113.0 188
302.0142 113.0 188
302.3438 113.0 188
302.6678 113.0 188
302.8876 114.0 188
303.2172 114.0 188
303.5468 114.0 188
303.7610 115.0 188
304.0906 115.0 188
304.3103 116.0 188
304.6399 116.0 188
304.9640 116.0 188
305.2332 117.0 188
305.5737 117.0 188
305.9033 117.0 188
306.1066 118.0 188
306.4526 118.0 188
306.6559 119.0 188
306.9800 119.0 188
307.1997 120.0 188
307.4799 121.0 188
307.8094 121.0 188
308.1390 121.0 188
308.3588 122.0 188
308.6829 122.0 188
309.0125 122.0 188
310.1550 124.0 188
310.3253 126.0 188
310.6549 126.0 188
310.8746 127.0 188
311.1987 127.0 188
311.4679 128.0 188
317.8729 406.0 188
318.2629 400.0 188
318.6530 395.0 188
318.9825 393.0 188
319.3726 390.0 188
319.7021 388.0 188
320.0262 386.0 188
320.3558 385.0 188
320.7458 382.0 188
321.0754 380.0 188
321.4490 378.0 188
321.7950 376.0 188
322.1246 375.0 188
322.4487 373.0 188
322.8387 371.0 188
323.1683 369.0 188
323.4979 368.0 188
323.8715 366.0 188
324.2175 364.0 188
324.5416 363.0 188
324.9207 361.0 188
325.2448 360.0 188
325.5743 358.0 188
325.9644 356.0 188
326.2939 355.0 188
326.6235 354.0 188
326.9531 352.0 188
327.3431 351.0 188
327.6672 349.0 188
327.9968 348.0 188
328.3264 347.0 188
328.7164 346.0 188
329.0460 342.0 188
329.4800 335.0 188
329.8700 330.0 188
330.1996 328.0 188
330.5896 326.0 188
330.9192 324.0 188
331.2927 322.0 188
331.6223 320.0 188
332.0123 318.0 188
332.3419 316.0 188
332.7319 314.0 188
333.0615 313.0 188
333.4515 311.0 188
333.7811 309.0 188
334.1547 307.0 188
334.4843 306.0 188
334.8083 305.0 188
335.1984 303.0 188
335.5280 302.0 188
335.8575 300.0 188
336.2476 299.0 188
336.5771 297.0 188
336.9672 296.0 188
337.2968 295.0 188
337.6208 294.0 188
337.9504 293.0 188
338.3405 291.0 188
338.6700 290.0 188
339.0436 289.0 188
339.3732 288.0 188
339.7028 286.0 188
340.0928 285.0 188
340.4169 284.0 188
340.7465 283.0 188
341.1365 282.0 188
341.4661 281.0 188
341.7957 280.0 188
342.1857 279.0 188
342.5153 278.0 188
342.8394 277.0 188
343.2294 276.0 188
343.5590 276.0 188
343.8885 274.0 188
344.2621 273.0 188
344.5917 273.0 188
344.9213 272.0 188
345.2618 271.0 188
345.6354 270.0 188
345.9650 270.0 188
346.2946 269.0 188
346.6241 268.0 188
347.0142 267.0 188
347.3438 266.0 188
347.6678 266.0 188
347.9974 265.0 188
348.3875 264.0 188
348.7170 264.0 188
349.0466 263.0 188
349.3707 263.0 188
349.7003 262.0 188
350.0903 261.0 188
350.4199 261.0 188
350.7495 260.0 188
351.0736 259.0 188
351.4032 259.0 188
351.7932 258.0 188
352.1228 258.0 188
352.4524 257.0 188
352.7765 257.0 188
353.1665 256.0 188
353.4961 255.0 188
353.8257 255.0 188
354.1553 255.0 188
354.4794 254.0 188
354.8090 254.0 188
355.1990 253.0 188
355.5286 253.0 188
355.8582 252.0 188
356.1823 252.0 188
356.5118 251.0 188
356.8414 251.0 188
