358.9343 193.0 188
359.2639 193.0 188
359.5935 193.0 188
359.9176 193.0 188
0.3076 192.0 188
0.6372 192.0 188
0.9668 191.0 188
1.2964 191.0 188
1.6205 191.0 188
1.9666 191.0 188
2.3401 190.0 188
2.6697 190.0 188
2.9993 190.0 188
3.3893 189.0 188
3.7134 189.0 188
4.0430 189.0 188
4.3726 189.0 188
4.7021 189.0 188
5.0427 188.0 188
5.3723 188.0 188
5.7019 188.0 188
6.0260 188.0 188
6.3556 188.0 188
6.7456 187.0 188
7.0752 187.0 188
7.4048 187.0 188
7.7344 187.0 188
8.0585 187.0 188
8.3881 187.0 188
8.7781 186.0 188
9.1077 186.0 188
9.4373 186.0 188
9.7614 186.0 188
10.0909 186.0 188
10.4205 186.0 188
10.7446 185.0 188
11.0742 185.0 188
11.4038 186.0 188
12.0575 186.0 188
13.0573 185.0 188
15.0293 185.0 188
22.2473 138.0 188
22.5769 138.0 188
22.9669 137.0 188
23.3569 136.0 188
23.6865 136.0 188
24.1205 135.0 188
24.4501 135.0 188
24.7797 135.0 188
25.1697 134.0 188
25.5597 133.0 188
25.8893 133.0 188
26.2134 133.0 188
26.5430 133.0 188
26.9824 132.0 188
27.3120 132.0 188
27.7020 131.0 188
28.0261 131.0 188
28.3557 131.0 188
29.0259 131.0 188
83.5620 105.0 188
83.8861 105.0 188
84.2322 105.0 188
104.5294 109.0 188
104.8590 109.0 188
105.5127 109.0 188
108.6987 110.0 188
108.9185 111.0 188
109.2480 111.0 188
109.5886 111.0 188
109.9182 111.0 188
110.2478 111.0 188
110.5774 111.0 188
110.9015 111.0 188
111.2311 111.0 188
111.5607 111.0 188
111.7804 112.0 188
112.1045 112.0 188
112.4506 112.0 188
112.7802 112.0 188
113.1042 112.0 188
113.3240 113.0 188
113.6536 113.0 188
113.9832 113.0 188
114.3073 113.0 188
114.6368 113.0 188
114.9664 113.0 188
115.1862 114.0 188
115.5103 114.0 188
115.8563 114.0 188
116.1859 114.0 188
116.5155 114.0 188
116.8396 114.0 188
117.1692 114.0 188
117.3889 115.0 188
117.7185 115.0 188
118.0426 115.0 188
118.3722 115.0 188
118.5919 116.0 188
118.9215 116.0 188
119.2621 116.0 188
119.5917 116.0 188
119.9213 116.0 188
120.1849 117.0 188
120.5145 117.0 188
120.7343 118.0 188
121.0583 118.0 188
121.4044 118.0 188
121.7340 118.0 188
122.0581 118.0 188
122.2778 119.0 188
122.6074 119.0 188
122.9370 119.0 188
123.1512 120.0 188
123.4808 120.0 188
123.8104 120.0 188
124.1400 120.0 188
124.4037 121.0 188
124.7498 121.0 188
125.0739 121.0 188
125.2771 122.0 188
125.6067 122.0 188
125.9363 122.0 188
126.1560 123.0 188
126.4801 123.0 188
126.8097 123.0 188
127.0898 124.0 188
127.4194 124.0 188
127.7490 124.0 188
127.9688 125.0 188
128.2928 125.0 188
128.6224 125.0 188
128.8861 126.0 188
129.2157 126.0 188
129.5453 126.0 188
129.7650 127.0 188
130.0891 127.0 188
130.3748 128.0 188
130.6989 128.0 188
131.0284 128.0 188
131.2317 129.0 188
131.5118 130.0 188
131.8414 130.0 188
132.0612 131.0 188
132.3853 131.0 188
132.6544 132.0 188
132.8741 133.0 188
133.1982 133.0 188
133.5278 133.0 188
133.8080 134.0 188
134.1376 134.0 188
134.4012 135.0 188
134.7308 135.0 188
134.9506 136.0 188
135.2802 136.0 188
135.5438 137.0 188
135.8734 137.0 188
136.1536 138.0 188
136.4832 138.0 188
136.7029 139.0 188
137.0270 139.0 188
137.2961 140.0 188
137.6202 140.0 188
137.9059 141.0 188
138.1696 142.0 188
138.3893 143.0 188
138.7134 143.0 188
138.9825 144.0 188
139.3121 144.0 188
139.5923 145.0 188
139.8560 146.0 188
140.1361 147.0 188
140.4657 147.0 188
140.7294 148.0 188
141.0150 149.0 188
141.2292 150.0 188
141.5588 150.0 188
141.8280 151.0 188
142.0917 152.0 188
142.3718 153.0 188
142.7014 153.0 188
142.9651 154.0 188
143.2452 155.0 188
143.5144 156.0 188
143.7946 157.0 188
144.0582 158.0 188
144.3384 159.0 188
144.6075 160.0 188
144.8712 161.0 188
145.1514 162.0 188
145.4205 163.0 188
145.7007 164.0 188
146.0303 165.0 188
146.2500 167.0 188
146.5137 168.0 188
146.7938 169.0 188
146.9971 171.0 188
147.2772 172.0 188
147.6068 173.0 188
147.8265 175.0 188
148.0902 176.0 188
148.3704 178.0 188
148.9197 180.0 188
152.7649 468.0 188
153.1549 462.0 188
153.4790 460.0 188
153.8086 459.0 188
154.1382 457.0 188
154.4843 456.0 188
154.8083 457.0 188
155.1379 459.0 188
157.6044 433.0 188
157.9340 436.0 188
158.2800 438.0 188
158.6041 439.0 188
158.9337 439.0 188
159.2633 437.0 188
160.2466 436.0 188
161.2463 434.0 188
163.1250 372.0 188
163.4491 369.0 188
163.8391 367.0 188
164.1687 365.0 188
164.4983 364.0 188
164.8279 363.0 188
165.8276 362.0 188
171.0901 402.0 188
171.4197 401.0 188
171.8097 395.0 188
172.1997 389.0 188
172.5293 385.0 188
178.0444 333.0 188
178.4180 331.0 188
178.7640 328.0 188
179.1376 325.0 188
179.5276 323.0 188
179.8572 321.0 188
180.2472 319.0 188
181.2305 316.0 188
182.3401 311.0 188
182.7136 307.0 188
183.0432 305.0 188
183.4332 303.0 188
183.7628 302.0 188
184.0924 301.0 188
184.4824 299.0 188
184.8120 298.0 188
185.2020 296.0 188
185.5261 295.0 188
185.8557 293.0 188
186.2457 292.0 188
186.5753 291.0 188
186.9049 290.0 188
187.2784 288.0 188
187.6245 287.0 188
187.9486 286.0 188
188.3276 284.0 188
188.6517 283.0 188
189.0417 282.0 188
189.3713 281.0 188
189.7009 280.0 188
190.0909 279.0 188
190.4205 278.0 188
190.7446 277.0 188
191.1401 276.0 188
191.4642 275.0 188
191.7938 275.0 188
192.1234 274.0 188
192.5134 273.0 188
192.8430 272.0 188
197.0892 216.0 188
197.4792 214.0 188
197.8748 212.0 188
198.3087 210.0 188
198.6383 210.0 188
198.9679 210.0 188
199.2920 209.0 188
200.3412 207.0 188
202.0605 196.0 188
202.3242 198.0 188
202.5439 200.0 188
204.4666 202.0 188
224.5770 157.0 188
225.0275 155.0 188
225.4010 154.0 188
225.8569 152.0 188
226.2305 151.0 188
226.6205 150.0 188
227.0599 149.0 188
227.5104 147.0 188
227.9059 146.0 188
228.2794 145.0 188
228.6694 144.0 188
229.0594 143.0 188
229.5593 141.0 188
229.9329 140.0 188
230.3229 139.0 188
230.7788 138.0 188
231.1523 137.0 188
231.5424 136.0 188
231.9818 135.0 188
232.3718 134.0 188
232.7618 133.0 188
233.2013 132.0 188
233.5913 131.0 188
233.9209 131.0 188
234.3713 130.0 188
234.7449 129.0 188
235.2008 128.0 188
235.5743 127.0 188
236.0303 126.0 188
236.3544 126.0 188
236.7499 125.0 188
237.1838 124.0 188
237.5134 124.0 188
237.9034 123.0 188
238.3429 122.0 188
238.6670 122.0 188
239.1229 121.0 188
239.5129 120.0 188
239.8425 120.0 188
240.2765 119.0 188
240.6061 119.0 188
241.0620 118.0 188
241.4960 117.0 188
241.8256 117.0 188
242.2156 116.0 188
242.5452 116.0 188
242.9791 115.0 188
243.4351 114.0 188
243.7646 114.0 188
244.1986 113.0 188
244.5282 113.0 188
244.9841 112.0 188
245.3082 112.0 188
245.6378 112.0 188
246.0938 111.0 188
246.5277 110.0 188
246.8573 110.0 188
247.1869 110.0 188
247.6373 109.0 188
247.9669 109.0 188
248.2965 109.0 188
248.7305 108.0 188
249.0601 108.0 188
249.3896 108.0 188
249.7302 108.0 188
250.1697 107.0 188
250.4993 107.0 188
250.8234 107.0 188
251.1530 107.0 188
251.6089 106.0 188
251.9330 106.0 188
252.2791 106.0 188
252.6086 106.0 188
252.9327 106.0 188
253.2623 106.0 188
253.7787 105.0 188
254.1083 105.0 188
254.4324 105.0 188
254.7784 105.0 188
255.1080 105.0 188
255.4321 105.0 188
255.7617 105.0 188
256.2177 104.0 188
256.5417 104.0 188
257.5415 104.0 188
297.0923 540.0 188
297.4219 542.0 188
298.4216 538.0 188
302.2614 495.0 188
302.6514 489.0 188
303.0469 482.0 188
303.3710 477.0 188
303.7006 473.0 188
304.0906 468.0 188
304.4202 464.0 188
304.7937 459.0 188
305.1837 453.0 188
305.5133 449.0 188
305.9033 446.0 188
306.2329 442.0 188
306.6229 437.0 188
306.9525 433.0 188
307.3425 429.0 188
307.6666 426.0 188
308.0457 422.0 188
308.3862 418.0 188
308.7653 414.0 188
309.1058 411.0 188
309.4794 407.0 188
309.8090 404.0 188
310.1990 401.0 188
310.5286 398.0 188
310.9186 395.0 188
311.2482 392.0 188
311.6382 389.0 188
311.9678 386.0 188
312.3578 383.0 188
312.6874 382.0 188
313.0115 381.0 188
313.4015 377.0 188
313.7805 371.0 188
314.1046 368.0 188
314.4946 366.0 188
314.8242 363.0 188
315.2142 360.0 188
315.5438 357.0 188
315.9338 354.0 188
316.3239 351.0 188
316.6534 349.0 188
316.9830 347.0 188
317.3730 345.0 188
317.7026 342.0 188
318.0927 339.0 188
318.4167 337.0 188
318.7958 335.0 188
319.1364 334.0 188
319.5154 331.0 188
319.8395 329.0 188
320.2295 327.0 188
320.5591 325.0 188
320.9491 323.0 188
321.2787 322.0 188
321.6083 320.0 188
321.9983 318.0 188
322.3279 316.0 188
322.7179 314.0 188
323.0420 313.0 188
323.4375 311.0 188
323.7616 309.0 188
324.1516 307.0 188
324.4812 306.0 188
324.8108 304.0 188
325.2008 303.0 188
325.5304 302.0 188
325.8545 300.0 188
326.2500 299.0 188
326.6235 296.0 188
327.0135 291.0 188
327.4036 286.0 188
327.8430 281.0 188
328.2330 278.0 188
328.6230 275.0 188
328.9966 273.0 188
329.3262 271.0 188
329.7162 269.0 188
330.1062 267.0 188
330.4358 265.0 188
330.8258 263.0 188
331.1993 261.0 188
331.5454 259.0 188
331.9189 257.0 188
332.3090 256.0 188
332.6385 255.0 188
333.0286 253.0 188
333.3582 251.0 188
333.7482 250.0 188
334.1217 248.0 188
334.4678 247.0 188
334.7919 246.0 188
335.1874 244.0 188
335.5609 243.0 188
335.9509 241.0 188
336.2805 240.0 188
336.6046 239.0 188
336.9946 238.0 188
337.3901 236.0 188
337.7142 235.0 188
338.1042 234.0 188
338.4338 233.0 188
338.7634 232.0 188
339.1534 231.0 188
339.4830 230.0 188
339.8730 229.0 188
340.2466 227.0 188
340.5762 226.0 188
340.9058 226.0 188
341.2958 225.0 188
341.6199 224.0 188
342.0154 223.0 188
342.4054 221.0 188
342.7295 220.0 188
343.0591 220.0 188
343.4491 219.0 188
343.7787 218.0 188
344.1687 217.0 188
344.4983 216.0 188
344.8883 215.0 188
345.2179 215.0 188
345.5420 215.0 188
345.8716 214.0 188
346.2616 213.0 188
346.5912 212.0 188
346.9812 211.0 188
347.3547 210.0 188
347.7008 210.0 188
348.0304 209.0 188
348.3545 209.0 188
348.7335 208.0 188
349.0741 207.0 188
349.4037 207.0 188
349.7937 206.0 188
350.1233 205.0 188
350.4529 205.0 188
350.8429 204.0 188
351.1670 204.0 188
351.5460 203.0 188
351.8866 203.0 188
352.2162 202.0 188
352.5897 201.0 188
352.9358 201.0 188
353.2654 200.0 188
353.5895 200.0 188
353.9191 200.0 188
354.3091 199.0 188
354.6826 198.0 188
355.0287 198.0 188
355.3583 197.0 188
355.6824 197.0 188
356.0120 197.0 188
356.4020 196.0 188
356.7316 196.0 188
357.0612 196.0 188
357.4512 195.0 188
357.7808 195.0 188
358.1049 194.0 188
358.4344 194.0 188
