359.5770 175.0 188
359.9670 174.0 188
0.2966 174.0 188
0.6702 173.0 188
1.0107 172.0 188
1.3898 171.0 188
1.7798 170.0 188
2.1698 169.0 188
2.5433 168.0 188
2.9333 167.0 188
3.3234 166.0 188
3.6530 166.0 188
4.0265 165.0 188
4.3561 165.0 188
4.7021 164.0 188
5.0757 163.0 188
5.4657 162.0 188
5.7953 162.0 188
6.1853 161.0 188
6.5588 160.0 188
6.9489 159.0 188
7.2784 159.0 188
7.6080 159.0 188
7.9980 158.0 188
8.3881 157.0 188
8.7177 157.0 188
9.0912 156.0 188
9.4208 156.0 188
9.8108 155.0 188
10.2008 154.0 188
10.5908 153.0 188
10.9204 153.0 188
11.2939 152.0 188
11.6235 152.0 188
11.9531 152.0 188
12.3431 151.0 188
12.6672 151.0 188
13.0573 150.0 188
13.3868 150.0 188
13.8263 149.0 188
14.1559 149.0 188
14.4800 149.0 188
14.8700 148.0 188
15.2655 147.0 188
15.5896 147.0 188
15.9192 147.0 188
16.2488 147.0 188
16.6388 146.0 188
16.9684 146.0 188
17.3584 145.0 188
17.6825 145.0 188
18.0615 144.0 188
18.3856 144.0 188
18.7152 144.0 188
19.0613 144.0 188
19.4348 143.0 188
19.7644 143.0 188
20.0885 143.0 188
20.4181 143.0 188
20.8740 142.0 188
21.1981 142.0 188
21.5277 142.0 188
21.9177 141.0 188
22.2473 141.0 188
22.5769 141.0 188
22.9010 141.0 188
23.2965 140.0 188
23.6206 140.0 188
23.9502 140.0 188
24.2798 140.0 188
24.6533 139.0 188
24.9994 139.0 188
25.3235 139.0 188
25.6531 139.0 188
26.0925 138.0 188
26.4166 138.0 188
26.7462 138.0 188
27.0758 138.0 188
27.4054 138.0 188
27.7295 138.0 188
28.1250 137.0 188
28.4491 137.0 188
28.7787 137.0 188
29.1083 137.0 188
29.4324 137.0 188
29.7620 137.0 188
30.1080 137.0 188
30.4816 136.0 188
30.8112 136.0 188
31.1517 136.0 188
31.4813 136.0 188
31.8109 136.0 188
32.1405 136.0 188
32.4646 136.0 188
32.7942 136.0 188
33.1403 136.0 188
33.4644 136.0 188
33.7939 136.0 188
34.1235 136.0 188
34.5740 135.0 188
34.9036 135.0 188
35.2332 135.0 188
35.5573 135.0 188
35.8868 135.0 188
36.2164 135.0 188
36.5625 135.0 188
36.8866 135.0 188
37.2162 135.0 188
37.5458 135.0 188
37.8699 135.0 188
38.1995 135.0 188
38.5455 135.0 188
38.8696 135.0 188
39.1992 135.0 188
39.5288 135.0 188
39.8584 135.0 188
40.1825 135.0 188
40.5121 135.0 188
40.8582 135.0 188
41.1823 135.0 188
41.5118 135.0 188
41.8414 135.0 188
42.1710 135.0 188
42.4951 135.0 188
42.8412 135.0 188
43.0609 136.0 188
43.4949 135.0 188
43.8245 135.0 188
44.0442 136.0 188
44.3738 136.0 188
44.6979 136.0 188
45.0439 136.0 188
45.3735 136.0 188
45.7031 136.0 188
46.0272 136.0 188
46.3568 136.0 188
46.6864 136.0 188
47.0270 136.0 188
47.3566 136.0 188
47.6202 137.0 188
47.9498 137.0 188
48.2959 137.0 188
48.6200 137.0 188
48.9496 137.0 188
49.2792 137.0 188
49.6088 137.0 188
49.8889 138.0 188
50.2185 138.0 188
50.5426 138.0 188
50.8722 138.0 188
51.2018 138.0 188
51.5424 138.0 188
51.7456 139.0 188
52.0917 139.0 188
52.4213 139.0 188
53.4045 139.0 188
125.9033 107.0 188
126.2329 107.0 188
126.5625 107.0 188
126.8866 107.0 188
127.1063 108.0 188
127.4359 108.0 188
127.7765 108.0 188
127.9797 109.0 188
128.3258 109.0 188
128.6554 109.0 188
128.8696 110.0 188
129.1992 110.0 188
129.5288 110.0 188
129.7485 111.0 188
130.0781 111.0 188
130.2924 112.0 188
130.5121 113.0 188
130.8417 113.0 188
131.0614 114.0 188
131.9348 115.0 188
132.7643 117.0 188
134.8901 126.0 188
135.6866 141.0 188
136.0107 141.0 188
136.6699 141.0 188
137.6697 141.0 188
152.0618 149.0 188
152.6056 150.0 188
152.8857 151.0 188
153.2153 151.0 188
153.4790 152.0 188
153.8251 152.0 188
154.0887 153.0 188
154.4183 153.0 188
154.6985 154.0 188
154.9841 155.0 188
155.3082 155.0 188
155.6378 155.0 188
155.9015 156.0 188
156.2476 156.0 188
156.5112 157.0 188
156.8408 157.0 188
157.1210 158.0 188
157.4506 158.0 188
157.7142 159.0 188
157.9999 160.0 188
158.3240 160.0 188
158.5931 161.0 188
158.8733 162.0 188
159.2029 162.0 188
159.4666 163.0 188
159.7961 163.0 188
160.0763 164.0 188
160.4059 165.0 188
160.6696 166.0 188
160.9991 166.0 188
161.2793 167.0 188
161.6089 167.0 188
161.8726 168.0 188
162.1527 169.0 188
162.4219 170.0 188
162.7460 170.0 188
163.0261 171.0 188
163.2953 172.0 188
163.6249 173.0 188
163.9050 174.0 188
164.1687 175.0 188
164.4983 175.0 188
164.7784 176.0 188
165.0421 177.0 188
165.3717 178.0 188
165.5914 180.0 188
165.8551 181.0 188
166.1847 181.0 188
166.5143 182.0 188
166.7944 183.0 188
167.0581 184.0 188
167.3438 185.0 188
167.6678 186.0 188
167.9370 187.0 188
168.2172 188.0 188
168.5468 189.0 188
168.8104 190.0 188
169.0906 191.0 188
169.4202 192.0 188
169.6399 194.0 188
169.9640 195.0 188
170.2332 196.0 188
170.5133 197.0 188
170.7770 199.0 188
171.0571 200.0 188
171.3867 201.0 188
171.6559 203.0 188
171.9360 204.0 188
172.1997 205.0 188
172.4634 207.0 188
172.7930 208.0 188
173.0731 209.0 188
173.3423 211.0 188
173.6224 212.0 188
173.8861 214.0 188
174.1718 216.0 188
174.4354 218.0 188
174.7650 219.0 188
175.0452 221.0 188
175.3088 223.0 188
175.5286 226.0 188
175.8087 228.0 188
176.4020 230.0 188
179.0771 508.0 188
179.4012 506.0 188
179.7308 506.0 188
180.0604 504.0 188
180.3900 505.0 188
180.7141 502.0 188
181.1041 499.0 188
181.4337 499.0 188
181.7633 497.0 188
182.0929 496.0 188
182.4170 495.0 188
182.7466 494.0 188
183.0762 493.0 188
184.4495 490.0 188
185.1196 487.0 188
187.5421 417.0 188
188.5309 421.0 188
193.8593 459.0 188
194.2493 452.0 188
195.2930 443.0 188
202.8900 363.0 188
203.6041 360.0 188
203.9996 356.0 188
204.6533 353.0 188
205.0433 350.0 188
206.0266 348.0 188
206.4166 344.0 188
206.8121 340.0 188
207.1362 339.0 188
207.4658 338.0 188
207.8558 336.0 188
208.1854 335.0 188
209.5587 331.0 188
209.8883 328.0 188
210.2783 326.0 188
210.6079 324.0 188
210.9814 323.0 188
211.3275 322.0 188
211.6516 321.0 188
211.9812 320.0 188
212.3547 319.0 188
214.2499 264.0 188
214.5740 262.0 188
214.9640 260.0 188
215.3540 258.0 188
215.7495 256.0 188
216.0736 255.0 188
216.4032 254.0 188
216.7328 254.0 188
217.1228 253.0 188
217.4524 252.0 188
217.7765 251.0 188
218.1061 251.0 188
218.4961 249.0 188
218.8861 248.0 188
219.5453 247.0 188
219.8254 249.0 188
220.1056 253.0 188
220.3748 255.0 188
238.3704 162.0 188
238.8263 160.0 188
239.2603 158.0 188
239.7656 155.0 188
240.2161 153.0 188
240.6555 151.0 188
241.1554 149.0 188
241.6058 147.0 188
242.0453 145.0 188
242.4957 143.0 188
242.9956 141.0 188
243.3856 140.0 188
243.8855 138.0 188
244.2810 137.0 188
244.7809 135.0 188
245.1709 134.0 188
245.6708 132.0 188
246.1707 130.0 188
246.5607 129.0 188
246.9946 128.0 188
247.3901 127.0 188
247.8241 126.0 188
248.3405 124.0 188
248.7140 123.0 188
249.1699 122.0 188
249.6094 121.0 188
249.9994 120.0 188
250.4498 119.0 188
250.8893 118.0 188
251.3397 117.0 188
251.8396 115.0 188
252.1692 115.0 188
252.6196 114.0 188
253.0591 113.0 188
253.5150 112.0 188
253.9490 111.0 188
254.4049 110.0 188
254.8389 109.0 188
255.1685 109.0 188
255.6244 108.0 188
255.9485 108.0 188
256.4044 107.0 188
256.7340 107.0 188
257.1844 106.0 188
257.5140 106.0 188
257.8436 106.0 188
258.3435 105.0 188
259.0137 105.0 188
295.7300 466.0 188
296.0596 472.0 188
296.3892 469.0 188
297.4329 463.0 188
301.6846 464.0 188
302.3438 465.0 188
302.6678 465.0 188
302.9974 465.0 188
303.3435 466.0 188
303.6676 466.0 188
303.9972 466.0 188
304.3268 467.0 188
304.6509 467.0 188
305.3265 468.0 188
306.9965 351.0 188
307.3260 349.0 188
307.6556 347.0 188
308.0457 345.0 188
308.3698 345.0 188
308.6389 347.0 188
308.9795 349.0 188
309.2487 352.0 188
309.5728 354.0 188
310.2484 356.0 188
311.2152 478.0 188
311.5613 479.0 188
311.8854 480.0 188
312.2150 481.0 188
312.5446 481.0 188
312.8741 482.0 188
313.1543 483.0 188
313.4839 484.0 188
313.8080 484.0 188
314.1376 485.0 188
314.4836 487.0 188
314.8077 488.0 188
315.1373 488.0 188
315.4669 489.0 188
316.1371 491.0 188
321.0425 442.0 188
321.4325 436.0 188
321.8280 430.0 188
322.1521 425.0 188
322.5421 419.0 188
322.9211 414.0 188
323.3112 408.0 188
323.7012 403.0 188
324.0308 399.0 188
324.4208 394.0 188
324.8108 390.0 188
325.1404 385.0 188
325.5304 380.0 188
325.9039 376.0 188
326.2939 372.0 188
326.6235 369.0 188
327.0135 365.0 188
327.4036 361.0 188
327.7332 357.0 188
328.1232 354.0 188
328.5132 351.0 188
328.8428 348.0 188
329.2328 345.0 188
329.6063 341.0 188
329.9524 339.0 188
330.2765 337.0 188
330.6665 336.0 188
331.0455 331.0 188
331.4355 326.0 188
331.8256 322.0 188
332.2156 319.0 188
332.5452 316.0 188
332.9352 313.0 188
333.3087 311.0 188
333.6548 308.0 188
334.0283 305.0 188
334.4183 302.0 188
334.8083 299.0 188
335.1379 297.0 188
335.5280 295.0 188
335.9180 292.0 188
336.2476 290.0 188
336.6376 287.0 188
337.0111 285.0 188
337.3572 283.0 188
337.7307 281.0 188
338.1207 279.0 188
338.4503 277.0 188
338.8403 275.0 188
339.2303 273.0 188
339.5599 271.0 188
339.9500 269.0 188
340.3400 267.0 188
340.6696 265.0 188
341.0596 264.0 188
341.3892 262.0 188
341.7792 260.0 188
342.1527 258.0 188
342.4988 257.0 188
342.8723 256.0 188
343.2184 254.0 188
343.5919 252.0 188
343.9215 251.0 188
344.6356 249.0 188
345.2454 238.0 188
345.7013 233.0 188
346.1353 228.0 188
346.5143 226.0 188
346.9043 224.0 188
347.2943 222.0 188
347.7338 219.0 188
348.1238 217.0 188
348.4973 215.0 188
348.8873 213.0 188
349.2773 211.0 188
349.6509 210.0 188
350.0464 208.0 188
350.4364 206.0 188
350.8264 204.0 188
351.2000 203.0 188
351.5295 202.0 188
351.9196 200.0 188
352.3096 199.0 188
352.6831 197.0 188
353.0731 196.0 188
353.4686 195.0 188
353.8422 193.0 188
354.2322 192.0 188
354.6222 190.0 188
354.9957 189.0 188
355.3253 188.0 188
355.7153 187.0 188
356.1053 185.0 188
356.4844 184.0 188
356.8744 183.0 188
357.2644 182.0 188
357.5885 181.0 188
357.9840 180.0 188
358.3575 179.0 188
358.7476 178.0 188
359.1376 176.0 188
